0, -1.20218, 1.3389, -0.352125, -1.05507, -1.70705, 0.546091, 
0, -1.067, 1.31462, -0.462484, -0.942853, -1.56498, 0.614635, 
0, -0.949517, 1.35143, -0.676904, -0.869501, -1.38851, 0.702016, 
0, -0.848795, 1.50378, -1.08654, -0.859935, -1.1556, 0.8477, 
1, -1.07406, 1.14755, 0.202002, -0.828699, -1.79966, 0.211384, 
1, -0.956411, 1.11785, -0.00513745, -0.699244, -1.60146, 0.34753, 
1, -0.87057, 1.17123, -0.310337, -0.636964, -1.37428, 0.46632, 
1, -0.80611, 1.33859, -0.776913, -0.642574, -1.1045, 0.613018, 
2, -0.807851, 1.11433, 0.575747, -0.21637, -1.99803, 0.0701538, 
2, -0.776236, 0.999773, 0.331143, -0.166994, -1.645, 0.138453, 
2, -0.758103, 1.03904, -0.0318012, -0.154054, -1.3243, 0.183181, 
2, -0.746235, 1.21522, -0.548108, -0.165165, -0.987097, 0.232963, 
3, -0.524589, 0.95215, 0.542213, 0.339892, -1.75184, 0.0918125, 
3, -0.62882, 0.950784, 0.161454, 0.237718, -1.37806, 0.00931108, 
3, -0.687551, 1.13817, -0.404732, 0.210298, -1.00065, -0.0429667, 
4, -0.204439, 0.943741, 0.647051, 0.817117, -1.81213, 0.142377, 
4, -0.485241, 0.89568, 0.297231, 0.520218, -1.47094, -0.0625089, 
4, -0.631684, 1.07993, -0.293056, 0.431055, -1.0731, -0.180432, 
5, 0.79197, 1.09431, 0.547355, 1.92005, -1.7662, 0.205071, 
5, 0.147732, 0.942328, 0.647685, 1.2659, -1.7958, 0.155629, 
5, -0.325078, 0.861645, 0.390381, 0.764917, -1.56186, -0.0876221, 
5, -0.575478, 1.03224, -0.198917, 0.578721, -1.15655, -0.249704, 
6, 1.02481, 1.13172, 0.196721, 2.14803, -1.92683, -0.061235, 
6, 0.46084, 0.945886, 0.547597, 1.62629, -1.79304, 0.0671782, 
6, -0.150927, 0.844667, 0.441618, 0.996517, -1.63701, -0.0975982, 
6, -0.517536, 0.991909, -0.117657, 0.691309, -1.23696, -0.286285, 
7, 0.698376, 0.983498, 0.353973, 1.87353, -1.86489, -0.0733677, 
7, 0.0296779, 0.841975, 0.450379, 1.21671, -1.69749, -0.112566, 
7, -0.457235, 0.957609, -0.0474845, 0.786142, -1.31091, -0.306524, 
8, 0.867418, 1.07371, 0.0741318, 2.01432, -1.99757, -0.227614, 
8, 0.206293, 0.853287, 0.416587, 1.41776, -1.75261, -0.142783, 
8, -0.39432, 0.928724, 0.0123497, 0.871729, -1.37824, -0.318345, 
9, -1.04417, 1.09101, -0.35844, -0.503959, -1.95984, 0.768241, 
9, -0.929935, 0.956129, -0.587736, -0.427486, -1.59059, 0.844955, 
10, -1.18307, 0.979606, -0.151856, -0.691369, -1.9967, 0.758608, 
10, -1.05066, 0.838346, -0.285908, -0.582397, -1.71445, 0.842486, 
10, -0.935019, 0.850594, -0.631529, -0.540077, -1.37519, 0.928349, 
11, -1.19232, 0.63816, -0.0962691, -0.801588, -1.65585, 0.925622, 
11, -1.05848, 0.653678, -0.340148, -0.748495, -1.40746, 0.997831, 
11, -0.942013, 0.791731, -0.755402, -0.76131, -1.1267, 1.10847, 
12, -1.06713, 0.566423, -0.546137, 2.02119, 1.1173, -1.79886, 
13, -0.931057, 0.863022, 0.0923623, -0.333679, -2.0071, 0.548913, 
13, -0.849925, 0.740966, -0.233728, -0.261876, -1.56107, 0.623339, 
13, -0.789077, 0.958554, -1.00179, -0.273605, -1.0141, 0.71347, 
14, -0.936739, 0.561147, 0.163613, -0.391007, -1.67824, 0.600188, 
14, -0.854823, 0.618247, -0.273251, -0.354773, -1.29873, 0.67193, 
14, -0.792967, 0.962042, -1.11682, -0.425309, -0.811925, 0.822597, 
15, -1.06094, 0.235956, 0.468415, -0.606796, -1.55625, 0.671885, 
15, -0.946197, 0.331055, 0.109297, -0.55368, -1.28267, 0.73586, 
15, -0.862244, 0.534083, -0.37436, -0.565821, -1.00209, 0.824326, 
15, -0.799116, 1.02004, -1.33265, -0.822101, -0.592704, 1.17541, 
16, -1.07406, -0.0367666, 0.280787, -0.964134, -1.06277, 1.06535, 
16, -0.956414, 0.206039, -0.0803248, -0.963326, -0.900305, 1.10271, 
16, -0.870584, 0.504535, -0.561079, -1.06357, -0.730658, 1.25257, 
17, -0.75216, 0.569752, 0.0289265, -0.0629637, -1.52023, 0.415282, 
17, -0.741684, 0.798514, -0.748773, -0.0684474, -0.971783, 0.442338, 
18, -0.771349, 0.325758, 0.502863, -0.109512, -1.61369, 0.364408, 
18, -0.754591, 0.428246, -0.00823801, -0.104437, -1.20593, 0.394574, 
18, -0.743582, 0.778799, -0.828037, -0.133401, -0.738557, 0.448257, 
19, -0.806803, -0.202932, 0.90477, -0.193362, -1.29885, 0.355728, 
19, -0.775685, 0.0372276, 0.442862, -0.18226, -1.07626, 0.372499, 
19, -0.75783, 0.326296, -0.104205, -0.19949, -0.819707, 0.412328, 
19, -0.746205, 0.777775, -0.943804, -0.321283, -0.440528, 0.560893, 
20, -0.807851, -0.530104, 0.657418, -0.434093, -0.483151, 0.550528, 
20, -0.77623, -0.110946, 0.242101, -0.371359, -0.474322, 0.484469, 
20, -0.758099, 0.277087, -0.271634, -0.446585, -0.351746, 0.567774, 
20, -0.74634, 0.826056, -1.15124, -1.65368, -0.138555, 1.79612, 
21, -0.634328, 0.426658, 0.232419, 0.153556, -1.50377, 0.220398, 
21, -0.690793, 0.682669, -0.577294, 0.142431, -0.948417, 0.189661, 
22, -0.533519, 0.123025, 0.748703, 0.241861, -1.58437, 0.120065, 
22, -0.633396, 0.270332, 0.188189, 0.180725, -1.16414, 0.110819, 
22, -0.690405, 0.656597, -0.64982, 0.18799, -0.709859, 0.0766558, 
23, -0.530032, -0.217569, 0.667729, 0.333872, -0.990958, -0.115833, 
23, -0.63169, 0.160774, 0.0852662, 0.273774, -0.767693, -0.0765432, 
23, -0.689453, 0.646979, -0.753293, 0.348948, -0.414214, -0.170542, 
24, -0.301805, -0.900028, 0.830013, 1.21672, -0.589022, -1.19289, 
24, -0.524583, -0.355393, 0.435629, 0.793809, -0.477777, -0.70626, 
24, -0.628377, 0.111709, -0.0870155, 0.703275, -0.366594, -0.613129, 
24, -0.687155, 0.670642, -0.914594, 1.50246, -0.176963, -1.42938, 
25, -0.496329, 0.309923, 0.384175, 0.363941, -1.52502, 0.0467446, 
25, -0.637705, 0.589678, -0.445766, 0.325857, -0.963725, -0.0185697, 
26, -0.220027, -0.014245, 0.886188, 0.61054, -1.64658, -0.122576, 
26, -0.493157, 0.142721, 0.332687, 0.437986, -1.19856, -0.134096, 
26, -0.636029, 0.562048, -0.518045, 0.439763, -0.749383, -0.202432, 
27, -0.211815, -0.381499, 0.784353, 0.78544, -1.14076, -0.557723, 
27, -0.489105, 0.0310545, 0.220158, 0.629449, -0.856389, -0.437072, 
27, -0.633754, 0.550363, -0.618279, 0.722433, -0.516718, -0.572659, 
28, -0.204417, -0.498475, 0.5291, -1.90526, 0.847447, 1.94725, 
28, -0.484989, -0.0156942, 0.0425516, 1.10753, -0.585813, -1.03527, 
28, -0.631246, 0.566325, -0.764263, 1.45204, -0.379152, -1.40731, 
29, -0.339225, 0.221639, 0.491116, 0.556653, -1.58393, -0.104105, 
29, -0.58271, 0.511681, -0.339169, 0.468191, -1.00621, -0.175195, 
30, 0.130631, -0.0286427, 0.894911, 0.945964, -1.81443, -0.31558, 
30, -0.334863, 0.0470425, 0.432513, 0.647478, -1.28884, -0.330813, 
30, -0.580484, 0.483503, -0.411898, 0.604823, -0.820587, -0.381995, 
31, 0.139933, -0.387784, 0.786123, 1.05572, -1.45853, -0.811582, 
31, -0.329733, -0.0645748, 0.312116, 0.855003, -1.00868, -0.668256, 
31, -0.577734, 0.470371, -0.509564, 0.883631, -0.634134, -0.747192, 
32, 0.14773, -0.498325, 0.52811, -1.80945, 1.27627, 1.8073, 
33, -0.166595, 0.166867, 0.553098, 0.729445, -1.67242, -0.234916, 
33, -0.525518, 0.444485, -0.249954, 0.575891, -1.06262, -0.291794, 
34, -0.161922, -0.0107319, 0.488864, 0.813309, -1.41691, -0.48735, 
34, -0.523038, 0.415855, -0.322977, 0.7138, -0.900552, -0.499815, 
35, 0.454441, -0.239644, 0.676418, 1.2169, -1.7891, -0.910545, 
35, -0.156088, -0.12097, 0.363241, 0.999002, -1.18972, -0.822686, 
35, -0.520087, 0.401858, -0.419286, 0.966452, -0.745543, -0.838106, 
36, -0.1509, -0.161378, 0.176952, -1.8314, 1.04926, 1.86276, 
36, -0.517148, 0.408742, -0.548544, 1.39623, -0.658446, -1.37263, 
37, 0.0130348, 0.151802, 0.567889, 0.880384, -1.7829, -0.346235, 
37, -0.465803, 0.38608, -0.174498, 0.659263, -1.12527, -0.382001, 
38, 0.0182821, -0.0246321, 0.501143, 0.942852, -1.56778, -0.610466, 
38, -0.463163, 0.356977, -0.247706, 0.790957, -0.980882, -0.584112, 
39, 0.0242446, -0.132342, 0.372906, 1.09338, -1.38289, -0.931212, 
39, -0.460022, 0.342156, -0.342848, 1.01765, -0.846964, -0.8961, 
40, 0.0297115, -0.170653, 0.185058, -1.80326, 1.27364, 1.80871, 
40, -0.456873, 0.346749, -0.468263, 1.38302, -0.770253, -1.36638, 
41, 0.19035, 0.177143, 0.536534, 1.00904, -1.90344, -0.439932, 
41, -0.403392, 0.335602, -0.110978, 0.72614, -1.19053, -0.455635, 
42, 0.195637, 0.00693777, 0.469352, 1.04378, -1.72686, -0.704957, 
42, -0.400703, 0.306469, -0.184951, 0.849337, -1.06147, -0.650498, 
43, 0.20117, -0.097658, 0.341253, 1.15596, -1.5743, -1.00923, 
43, -0.397243, 0.290622, -0.278717, 1.05308, -0.941528, -0.939115, 
44, 0.206874, -0.135037, 0.154552, -1.7925, 1.48606, 1.77068, 
44, -0.393942, 0.293834, -0.401945, 1.37562, -0.872714, -1.36654, 
45, -1.03417, 0.869126, -0.316962, -0.304628, -1.93225, 0.898114, 
45, -0.920897, 0.872259, -1.05009, -0.282097, -1.20082, 0.997917, 
46, -1.0365, 0.694438, -0.369032, -0.329674, -1.68733, 0.963199, 
47, -1.17112, 0.671956, -0.1158, -0.438836, -1.9087, 0.977774, 
47, -1.03986, 0.608404, -0.550378, -0.390503, -1.40224, 1.06185, 
48, -1.17628, 0.472986, -0.263141, -0.497752, -1.55469, 1.12681, 
48, -1.04437, 0.656492, -0.929123, -0.535003, -1.06934, 1.25186, 
49, -1.18324, 0.462971, -0.660679, -0.680844, -1.17516, 1.39067, 
52, -0.921775, 0.600879, 0.126258, -0.19494, -1.98063, 0.699529, 
52, -0.843404, 0.569702, -0.590726, -0.164335, -1.23129, 0.757096, 
53, -0.924315, 0.38255, 0.0781378, -0.208372, -1.67322, 0.735835, 
53, -0.844915, 0.606317, -0.847888, -0.217662, -0.969864, 0.806183, 
54, -1.03618, 0.284844, 0.445167, -0.304557, -1.89752, 0.734106, 
54, -0.927066, 0.256525, -0.0829469, -0.252595, -1.33566, 0.790498, 
54, -0.846992, 0.846686, -1.45112, -0.400914, -0.570112, 0.998181, 
55, -1.04194, 0.00721923, 0.290563, -0.357049, -1.41546, 0.855955, 
55, -0.931005, 0.2388, -0.368177, -0.366254, -0.976828, 0.905832, 
56, -1.0498, -0.0489793, -0.0674707, -0.558979, -0.966722, 1.08864, 
56, -0.937056, 0.370704, -0.858398, -0.731345, -0.604124, 1.28067, 
59, -0.764755, 0.38088, 0.459305, -0.0360086, -1.99409, 0.513957, 
59, -0.749695, 0.356003, -0.303883, -0.0286216, -1.20599, 0.525192, 
60, -0.765522, 0.110257, 0.407838, -0.0399901, -1.61419, 0.499378, 
60, -0.750115, 0.362277, -0.515277, -0.0407612, -0.943003, 0.511345, 
61, -0.79338, -0.111905, 0.872724, -0.0672487, -1.78299, 0.476666, 
61, -0.766381, -0.0404009, 0.235957, -0.0550995, -1.21746, 0.486135, 
61, -0.750846, 0.439038, -0.82859, -0.0737964, -0.632524, 0.513381, 
62, -0.795642, -0.458843, 0.667119, -0.0983424, -1.13422, 0.488556, 
62, -0.768182, -0.0675038, -0.0458544, -0.100117, -0.811457, 0.493929, 
63, -0.800279, -0.473624, 0.263597, -0.234683, -0.590545, 0.585795, 
63, -0.771324, 0.0282871, -0.463345, -0.309281, -0.366114, 0.659036, 
64, -0.806643, -0.279325, -0.325659, -1.63837, -0.185512, 1.94231, 
64, -0.775695, 0.430629, -1.37538, -2.70702, -0.388616, 3.02113, 
66, -0.541522, 0.191874, 0.708805, 0.177791, -1.99743, 0.320295, 
66, -0.63695, 0.18274, -0.0978872, 0.127876, -1.17855, 0.282699, 
67, -0.539756, -0.135123, 0.644131, 0.179029, -1.55062, 0.215257, 
67, -0.63608, 0.179698, -0.298211, 0.163835, -0.916388, 0.202427, 
68, -0.537959, -0.293351, 0.4501, 0.218625, -1.12869, 0.0942388, 
68, -0.635188, 0.234783, -0.573238, 0.243945, -0.624645, 0.0702061, 
69, -0.328704, -0.851878, 0.864084, 0.431403, -0.962649, -0.268305, 
69, -0.535813, -0.30466, 0.150226, 0.329747, -0.730693, -0.0939743, 
69, -0.634332, 0.391914, -1.0076, 0.599036, -0.274148, -0.350847, 
70, -0.321867, -0.757657, 0.405141, 0.815788, -0.562579, -0.765121, 
70, -0.533087, -0.200084, -0.259546, 0.779094, -0.348455, -0.631395, 
71, -0.53003, 0.0847372, -0.931401, -0.718332, 0.42964, 0.743452, 
73, -0.503381, 0.0403153, 0.0530445, 0.295406, -1.17705, 0.0304846, 
74, -0.237747, -0.309868, 0.779194, 0.430794, -1.5646, -0.127031, 
74, -0.501329, 0.0360656, -0.146692, 0.375455, -0.931143, -0.110704, 
75, -0.232812, -0.456883, 0.560523, 0.521391, -1.18072, -0.361926, 
75, -0.49903, 0.0879214, -0.411962, 0.540335, -0.679114, -0.343795, 
76, 0.309186, -0.849408, 0.857714, 0.794321, -1.39436, -0.954494, 
76, -0.227035, -0.444711, 0.243432, 0.729648, -0.873189, -0.687103, 
76, -0.496377, 0.215319, -0.787039, 0.984056, -0.440008, -0.872539, 
77, -0.219877, -0.319327, -0.17458, 1.1713, -0.66923, -1.25313, 
78, -0.211909, -0.0430387, -0.807721, -1.27723, 0.736497, 1.01955, 
80, -0.349392, -0.064804, 0.153301, 0.45649, -1.21698, -0.218983, 
81, 0.108484, -0.340137, 0.796343, 0.654412, -1.72003, -0.452752, 
81, -0.346421, -0.0662873, -0.0498079, 0.561136, -0.998923, -0.400757, 
82, 0.114794, -0.47868, 0.570301, 0.725772, -1.40596, -0.74085, 
82, -0.34313, -0.0143726, -0.310945, 0.747626, -0.794621, -0.670046, 
83, 0.767362, -0.467996, 0.658178, 0.880932, -1.92534, -1.17222, 
83, 0.122675, -0.458137, 0.248561, 0.885839, -1.17821, -1.06114, 
83, -0.33937, 0.105759, -0.666026, 1.11099, -0.630345, -1.13296, 
84, 0.775798, -0.456544, 0.23592, -2.21195, 1.6969, -4.70247, 
84, 0.13068, -0.325151, -0.174456, -1.99089, 1.03804, 1.65466, 
84, -0.334903, 0.456332, -1.4143, 1.8628, -0.649253, 4.22812, 
87, -0.178528, -0.130979, 0.210922, 0.59115, -1.30157, -0.449556, 
88, 0.427223, -0.212128, 0.695744, 0.81299, -1.95461, -0.680533, 
88, -0.175056, -0.128865, 0.00456216, 0.695164, -1.11244, -0.646613, 
89, 0.432738, -0.352514, 0.481443, 0.816246, -1.69631, -0.983467, 
89, -0.171289, -0.0737886, -0.257068, 0.860753, -0.947323, -0.908823, 
90, 0.439139, -0.343163, 0.166284, -2.24401, 1.49857, 1.86387, 
91, -0.161922, 0.329135, -1.22698, 1.59714, -0.801271, 4.34785, 
94, 0.00125087, -0.151477, 0.22626, 0.68887, -1.42221, -0.649678, 
95, 0.00475695, -0.146554, 0.0175289, 0.775081, -1.25798, -0.845895, 
96, 0.677351, -0.130992, 0.299866, 0.849137, -1.943, -1.1435, 
96, 0.00861331, -0.0891674, -0.245326, 0.90585, -1.11536, -1.08728, 
97, 0.013036, 0.0316741, -0.592804, -2.0375, 1.00462, 1.72911, 
98, 0.0182902, 0.310515, -1.20339, 1.43042, -0.956686, 4.34681, 
101, 0.179276, -0.12509, 0.200433, 0.750274, -1.56165, -0.816927, 
102, 0.182728, -0.119303, -0.00869195, 0.811754, -1.41347, -1.00569, 
103, 0.186297, -0.0606253, -0.273817, 0.907672, -1.28221, -1.22781, 
104, 1.23137, 1.4898, -1.9686, 0.5223, -1.87721, -2.07868, 
104, 0.855612, 0.134698, -0.275396, -2.33244, 1.91905, 1.57957, 
104, 0.190358, 0.0637442, -0.627889, 1.05087, -1.17255, -1.51393, 
105, 0.195385, 0.373578, -1.29447, 1.29809, -1.08921, 4.28948, 
108, -0.935339, 1.11988, -0.0434305, -1.80236, -1.95113, 0.366444, 
108, -0.604747, 0.945531, 0.171146, -1.5159, -1.79776, 0.33891, 
108, -0.260712, 0.866166, 0.146193, -1.20495, -1.61359, 0.405327, 
109, -1.08944, 1.16726, 0.0823141, -1.86269, -1.93201, 0.199517, 
109, -0.789031, 1.00615, 0.286574, -1.58474, -1.83813, 0.169357, 
109, -0.467602, 0.888032, 0.327062, -1.26565, -1.72818, 0.232166, 
109, -0.184112, 0.844784, 0.197097, -1.00104, -1.54584, 0.336479, 
110, -0.894742, 1.1053, 0.494035, -1.50486, -1.88361, -0.126648, 
110, -0.567689, 0.961462, 0.532028, -1.14728, -1.85041, -0.0229432, 
110, -0.296183, 0.854179, 0.446903, -0.849919, -1.70762, 0.114902, 
110, -0.0953601, 0.830025, 0.242019, -0.65968, -1.48978, 0.21602, 
111, -0.0816615, 0.843133, 0.512621, -0.259045, -1.73779, 0.0220493, 
111, 0.0108112, 0.825452, 0.266188, -0.170441, -1.47327, 0.0474087, 
112, 0.126318, 0.846832, 0.507059, 0.118529, -1.74784, -0.0275438, 
112, 0.102869, 0.830942, 0.257656, 0.0953943, -1.48321, -0.0478215, 
113, 0.509971, 0.96815, 0.578181, 0.697421, -1.92671, 0.0199604, 
113, 0.32373, 0.861171, 0.448629, 0.483396, -1.71594, -0.0925525, 
113, 0.193033, 0.840362, 0.232657, 0.359742, -1.48042, -0.144894, 
114, 1.04038, 1.12837, 0.257177, 1.5812, -1.88896, -0.0976654, 
114, 0.765888, 0.996614, 0.344797, 1.30171, -1.82741, -0.135323, 
114, 0.506788, 0.897384, 0.316782, 1.035, -1.70969, -0.224331, 
114, 0.291127, 0.862783, 0.169908, 0.835954, -1.52706, -0.313986, 
115, 0.924045, 1.09874, 0.0166809, 1.65799, -1.8956, -0.351525, 
115, 0.644525, 0.961976, 0.13692, 1.40457, -1.77039, -0.363355, 
115, 0.369975, 0.894599, 0.0906355, 1.15865, -1.60569, -0.43233, 
116, 0.751982, 1.05146, -0.0757917, 1.60538, -1.87035, -0.485409, 
116, 0.436379, 0.931026, 0.0095924, 1.34297, -1.68672, -0.502732, 
117, -0.241992, 0.221667, 0.038966, -0.760449, -1.52748, 0.729576, 
118, -0.59158, 0.232568, 0.227944, -1.00564, -1.84978, 0.850055, 
118, -0.248292, 0.188449, -0.0361133, -0.896612, -1.40516, 0.907093, 
119, -0.599033, 0.137356, 0.106576, -1.14533, -1.70286, 1.11668, 
119, -0.255115, 0.170834, -0.133391, -1.09886, -1.3068, 1.15271, 
121, -0.442304, 0.272199, 0.439827, -0.767141, -1.92668, 0.492952, 
121, -0.163811, 0.189124, 0.0825449, -0.621693, -1.43171, 0.582005, 
122, -0.450511, 0.103522, 0.382505, -0.846551, -1.68454, 0.708944, 
122, -0.170052, 0.151111, 0.0118903, -0.759723, -1.26966, 0.754418, 
123, -0.781268, 0.0611279, 0.4082, -1.14454, -1.83252, 0.947046, 
123, -0.459786, -0.00578336, 0.262341, -1.02521, -1.46783, 0.992794, 
123, -0.177383, 0.127578, -0.0802282, -0.989483, -1.12049, 1.02003, 
124, -1.08943, 0.0883664, 0.140146, 1.74826, 1.9978, 4.45443, 
124, -0.789034, -0.061263, 0.18975, 1.81208, 1.68789, -1.79191, 
124, -0.184356, 0.126347, -0.203077, -1.32293, -1.0521, 1.39613, 
125, -0.272523, 0.191749, 0.548272, -0.524735, -1.83866, 0.326265, 
125, -0.0792518, 0.168458, 0.112636, -0.425952, -1.35432, 0.383716, 
126, -0.543868, 0.129749, 0.752239, -0.775553, -1.94172, 0.415468, 
126, -0.278929, 0.00326587, 0.495789, -0.590182, -1.51631, 0.496359, 
126, -0.0835427, 0.124673, 0.0486874, -0.528207, -1.14352, 0.512011, 
127, -0.881083, -0.0931987, 0.812013, -1.05531, -1.86986, 0.720646, 
127, -0.555364, -0.211078, 0.671711, -0.865022, -1.50111, 0.774145, 
127, -0.286551, -0.122306, 0.381201, -0.763197, -1.18036, 0.746869, 
127, -0.0883561, 0.0922834, -0.0336936, -0.72642, -0.900705, 0.736709, 
128, -0.0954092, 0.0819135, -0.148992, -1.17434, -0.723953, 1.21445, 
129, -0.0793355, 0.151101, 0.602763, -0.235372, -1.78744, 0.124722, 
129, 0.00980762, 0.161529, 0.125635, -0.190044, -1.31507, 0.146726, 
130, -0.220458, -0.00987595, 0.912031, -0.349939, -1.82203, 0.18687, 
130, -0.0815496, -0.0488016, 0.55379, -0.257418, -1.4119, 0.203587, 
130, 0.00873172, 0.115032, 0.0655909, -0.224568, -1.07674, 0.197677, 
131, -0.223708, -0.414298, 0.828347, -0.402208, -1.16692, 0.385541, 
131, -0.0819592, -0.18519, 0.444184, -0.315251, -0.9747, 0.30407, 
131, 0.00928641, 0.0775181, -0.0104436, -0.275457, -0.76504, 0.264992, 
132, -0.466707, -0.885879, 0.837142, -1.04693, -0.719327, 1.15576, 
132, -0.225912, -0.558138, 0.580126, -0.778004, -0.570002, 0.817323, 
132, -0.0816652, -0.249242, 0.266907, -0.584811, -0.475266, 0.598133, 
132, 0.0108098, 0.0562928, -0.115455, -0.49727, -0.361717, 0.500391, 
133, 0.121282, 0.157248, 0.598009, 0.0640761, -1.78541, -0.0902784, 
133, 0.0994849, 0.169301, 0.118558, 0.0530668, -1.31771, -0.0985422, 
134, 0.157349, -0.020815, 0.926237, 0.101183, -1.80301, -0.0995844, 
134, 0.122602, -0.0430766, 0.550668, 0.077823, -1.40439, -0.108833, 
134, 0.100382, 0.122701, 0.0592175, 0.0714047, -1.07812, -0.112099, 
135, 0.160204, -0.432154, 0.842351, 0.137408, -1.11172, -0.163918, 
135, 0.124352, -0.179165, 0.441053, 0.116845, -0.960244, -0.14673, 
135, 0.101567, 0.0851684, -0.0164084, 0.11292, -0.765827, -0.14645, 
136, 0.231131, -0.98933, 0.876166, 0.650267, -0.357221, -0.708879, 
136, 0.163497, -0.57526, 0.591764, 0.361835, -0.438795, -0.393095, 
136, 0.126319, -0.244287, 0.264724, 0.282751, -0.430752, -0.306653, 
136, 0.102869, 0.0633018, -0.120989, 0.280649, -0.349185, -0.303951, 
137, 0.312619, 0.208597, 0.534373, 0.354294, -1.82679, -0.296072, 
137, 0.187597, 0.190674, 0.0921801, 0.290358, -1.35613, -0.336965, 
138, 0.495946, 0.103032, 0.7925, 0.519783, -1.88834, -0.351453, 
138, 0.316934, 0.0188876, 0.48702, 0.39642, -1.47903, -0.399733, 
138, 0.190311, 0.145332, 0.0319886, 0.355849, -1.12987, -0.409084, 
139, 0.503201, -0.260904, 0.719291, 0.589113, -1.32672, -0.598221, 
139, 0.320689, -0.113634, 0.380998, 0.505665, -1.07498, -0.548183, 
139, 0.192042, 0.10841, -0.0437167, 0.472061, -0.836714, -0.527225, 
140, 0.772071, -0.608864, 0.708915, 1.07264, -1.05799, -1.18284, 
140, 0.509959, -0.415883, 0.490598, 0.964003, -0.822136, -1.03954, 
140, 0.323758, -0.178969, 0.208461, 0.867986, -0.646888, -0.923851, 
140, 0.19304, 0.0873139, -0.14824, 0.842537, -0.488978, -0.891295, 
141, 0.481143, 0.296966, 0.415845, 0.618553, -1.90055, -0.478661, 
141, 0.271658, 0.225352, 0.0465651, 0.509316, -1.42961, -0.55564, 
142, 0.488611, 0.126402, 0.365527, 0.690173, -1.62165, -0.648598, 
142, 0.277124, 0.184287, -0.0182973, 0.626367, -1.24104, -0.688065, 
143, 1.02953, 0.174256, 0.533244, 1.13026, -1.96435, -0.786164, 
143, 0.754782, 0.00793481, 0.472198, 0.95528, -1.65347, -0.868259, 
143, 0.497384, 0.00934248, 0.255707, 0.861926, -1.33261, -0.888922, 
143, 0.283376, 0.154877, -0.102396, 0.835842, -1.03386, -0.909735, 
144, 0.766049, -0.126043, 0.255904, -1.90972, 1.41877, 1.85635, 
144, 0.507247, -0.0396407, 0.0747382, 1.21184, -1.1442, -1.28659, 
144, 0.291253, 0.147952, -0.221046, -1.90951, 0.904319, 1.82328, 
145, 0.620867, 0.412997, 0.250802, 0.82701, -1.99183, -0.634292, 
145, 0.348794, 0.272284, -0.0161538, 0.683842, -1.52852, -0.734136, 
146, 0.628904, 0.265166, 0.195162, 0.907701, -1.79026, -0.830383, 
146, 0.355494, 0.238, -0.0884422, 0.822708, -1.39073, -0.896707, 
147, 0.917783, 0.298414, 0.133668, 1.17735, -1.93042, -1.03419, 
147, 0.637434, 0.167783, 0.0773185, 1.07238, -1.61148, -1.08845, 
147, 0.363199, 0.218489, -0.183511, 1.04033, -1.27077, -1.1367, 
149, 0.41819, 0.32798, -0.0908676, 0.802828, -1.6313, -0.867197, 
150, 0.740331, 0.423201, -0.0162071, 1.02937, -1.93668, -0.972712, 
150, 0.42441, 0.299586, -0.168754, 0.934284, -1.53047, -1.03105, 
151, 0.746831, 0.342998, -0.138745, -1.98151, 1.81857, -4.35463, 
151, 0.431091, 0.28683, -0.270169, 1.12224, -1.45504, -1.2514, 
153, -0.569113, 0.105762, -0.0161083, -0.56892, -1.66087, 0.943508, 
154, -0.573559, 0.108804, -0.223381, -0.632428, -1.49431, 1.10301, 
155, -0.912605, 0.239148, -0.076264, -0.709183, -1.92754, 1.23817, 
155, -0.578503, 0.170178, -0.503065, -0.734125, -1.33647, 1.30934, 
156, -0.584522, 0.324794, -0.923971, -0.898408, -1.18671, 1.61024, 
160, -0.425477, -0.022936, 0.120806, -0.475961, -1.53717, 0.743941, 
160, -0.150744, 0.624572, -1.47314, -0.791365, -0.609488, 1.12, 
161, -0.430083, -0.0241146, -0.0818069, -0.551366, -1.34566, 0.892896, 
162, -0.755069, -0.0522247, 0.24195, -0.647634, -1.75841, 1.04072, 
162, -0.435697, 0.0281785, -0.34377, -0.673422, -1.16476, 1.0923, 
163, -0.762594, -0.0664854, -0.0526471, -0.739282, -1.51936, 1.28991, 
164, -1.07467, 0.0540329, -0.184252, 2.31266, 1.75388, 4.72047, 
167, -0.257975, -0.115545, 0.211928, -0.33829, -1.42048, 0.49628, 
167, -0.0694519, 0.542643, -1.33522, -0.572288, -0.53803, 0.759081, 
168, -0.519905, -0.151978, 0.663671, -0.462375, -1.8646, 0.58955, 
168, -0.261841, -0.118736, 0.0117469, -0.408725, -1.19836, 0.615698, 
169, -0.526309, -0.306015, 0.464672, -0.509802, -1.5149, 0.784138, 
169, -0.266534, -0.0704982, -0.241749, -0.532631, -0.978688, 0.79087, 
170, -0.855014, -0.369421, 0.606852, -0.658613, -1.71861, 1.04314, 
170, -0.534237, -0.313588, 0.163091, -0.641581, -1.21722, 1.01914, 
170, -0.27219, 0.0386157, -0.576098, -0.773282, -0.763421, 1.09218, 
171, -0.543874, -0.204791, -0.248452, -0.909439, -0.973203, 1.38275, 
174, -0.0723033, -0.162121, 0.256044, -0.159006, -1.34485, 0.199119, 
174, 0.0140676, 0.516087, -1.28937, -0.277965, -0.479094, 0.32851, 
175, -0.207425, -0.321159, 0.800719, -0.225002, -1.70043, 0.268114, 
175, -0.0742537, -0.166358, 0.0573048, -0.197821, -1.0979, 0.261536, 
176, -0.211285, -0.475585, 0.586575, -0.268292, -1.28246, 0.380217, 
176, -0.0764816, -0.120643, -0.191172, -0.270702, -0.839379, 0.359263, 
177, -0.438898, -0.810216, 0.857748, -0.424077, -1.22242, 0.664419, 
177, -0.215817, -0.469254, 0.275924, -0.378619, -0.914082, 0.537463, 
177, -0.0793273, -0.0175799, -0.513742, -0.448086, -0.553509, 0.564379, 
178, -0.448475, -0.736719, 0.41044, -0.669481, -0.81078, 0.981461, 
178, -0.220433, -0.352956, -0.129621, -0.677651, -0.558201, 0.876292, 
178, -0.0815492, 0.194996, -1.0137, -1.26223, -0.266982, 1.4136, 
179, -0.223721, -0.103063, -0.722395, -1.83173, -0.380372, -4.21225, 
180, -0.466697, 0.183634, -1.51103, 0.739239, 1.00952, -0.21191, 
181, 0.119034, -0.155853, 0.251311, 0.039842, -1.33619, -0.121847, 
181, 0.0979914, 0.533002, -1.31425, 0.0716839, -0.459624, -0.156876, 
182, 0.152439, -0.336018, 0.812516, 0.0569648, -1.6686, -0.135682, 
182, 0.119581, -0.160797, 0.0533765, 0.0504477, -1.08348, -0.134639, 
183, 0.153459, -0.490354, 0.59744, 0.0705146, -1.23304, -0.161761, 
183, 0.120297, -0.115779, -0.194411, 0.071827, -0.814498, -0.157764, 
184, 0.214974, -0.909772, 0.899354, 0.128966, -1.03083, -0.251329, 
184, 0.155109, -0.483487, 0.286789, 0.107644, -0.838828, -0.205178, 
184, 0.121283, -0.0147022, -0.514256, 0.129657, -0.50514, -0.217685, 
185, 0.219127, -0.805556, 0.44114, 0.261575, -0.555406, -0.395388, 
185, 0.157335, -0.367174, -0.117385, 0.240393, -0.425086, -0.3427, 
185, 0.122606, 0.19706, -1.013, 0.759903, -0.110331, -0.852445, 
187, 0.231135, 0.0500969, -1.3243, -0.274494, 0.890644, 0.0848629, 
188, 0.302199, -0.0975455, 0.19796, 0.227265, -1.39539, -0.427046, 
188, 0.180512, 0.615989, -1.45077, 0.42755, -0.468218, -0.653792, 
189, 0.477687, -0.184224, 0.694558, 0.314458, -1.7934, -0.492314, 
189, 0.304968, -0.10265, 0.000170481, 0.279105, -1.15884, -0.506738, 
190, 0.482623, -0.342024, 0.495392, 0.360675, -1.40591, -0.629091, 
190, 0.308395, -0.0569154, -0.25056, 0.37518, -0.914301, -0.631137, 
191, 0.735884, -0.542668, 0.723368, 0.505, -1.47387, -0.87373, 
191, 0.488775, -0.35036, 0.195088, 0.482703, -1.06174, -0.811149, 
191, 0.312491, 0.0490787, -0.581368, 0.585161, -0.652971, -0.87373, 
192, 0.746934, -0.539345, 0.309691, 0.70579, -1.06825, -1.18071, 
192, 0.495947, -0.244985, -0.209387, 0.771377, -0.743493, -1.14948, 
192, 0.316918, 0.289802, -1.13518, -1.85077, 0.411483, 1.51343, 
193, 0.503199, 0.0121123, -0.831238, 1.56753, -0.569394, 4.2783, 
195, 0.465941, 0.00495631, 0.09673, 0.380629, -1.49788, -0.689056, 
196, 0.72111, 0.0513024, 0.469744, 0.508852, -1.95466, -0.748873, 
196, 0.469982, 0.00202943, -0.103426, 0.450182, -1.29007, -0.811982, 
197, 0.727107, -0.0954104, 0.287898, 0.543586, -1.64363, -0.937676, 
197, 0.474998, 0.0519202, -0.363209, 0.569703, -1.08376, -0.987207, 
198, 1.00768, -0.0725258, 0.363133, 0.680523, -1.85176, -1.12762, 
198, 0.734545, -0.11374, -0.00302178, 0.654837, -1.36414, -1.1628, 
198, 0.481147, 0.172571, -0.723104, 0.791537, -0.880601, -1.2777, 
199, 1.01771, -0.117274, -0.00972316, 0.79007, -1.52693, -1.44542, 
199, 0.743812, -0.0100391, -0.424948, 0.880186, -1.12576, -1.49659, 
202, 0.605171, 0.143289, -0.0533454, 0.492121, -1.61359, -0.905912, 
203, 0.609507, 0.145488, -0.259516, 0.560218, -1.43307, -1.05102, 
204, 0.895566, 0.193793, -0.0180305, 0.646579, -1.83028, -1.1623, 
204, 0.6147, 0.206373, -0.53962, 0.671596, -1.25708, -1.24702, 
205, 0.621045, 0.367095, -0.973882, -2.27726, 1.08234, 1.58625, 
209, 0.720445, 0.310356, -0.253745, 0.563187, -1.71418, -1.08884, 
210, 0.724242, 0.324716, -0.476682, 0.619434, -1.5517, -1.24703, 
211, 1.01202, 0.524469, -0.446136, 0.672813, -1.92537, -1.37691, 
211, 0.728734, 0.412733, -0.804499, 0.71156, -1.38543, -1.45682, 
212, 1.01655, 0.569875, -0.820188, 0.718011, -1.70935, -1.635, 
216, -0.718954, 0.991931, 0.323008, -1.92626, -1.88706, 0.0835371, 
216, 0.0288443, 0.843656, 0.445507, -1.19796, -1.6925, 0.106374, 
216, 0.548963, 1.02635, -0.186733, -0.753079, -1.23782, 0.324842, 
217, -0.490594, 0.949079, 0.52503, -1.70185, -1.80224, -0.0564469, 
217, 0.206516, 0.851222, 0.421466, -0.991237, -1.62893, 0.099881, 
217, 0.602712, 1.07233, -0.278965, -0.678699, -1.16008, 0.313264, 
218, -0.884493, 1.09133, 0.443492, -2.05928, -1.80482, -0.113534, 
218, -0.187349, 0.941844, 0.63549, -1.37105, -1.78963, -0.152824, 
218, 0.37402, 0.873461, 0.355474, -0.783709, -1.54799, 0.0990425, 
218, 0.653718, 1.126, -0.385266, -0.594532, -1.07378, 0.290924, 
219, -0.527942, 1.13562, 0.688135, -1.69516, -1.76519, -0.394127, 
219, 0.159289, 0.942281, 0.646152, -0.958024, -1.80016, -0.151623, 
219, 0.525019, 0.912849, 0.24887, -0.577482, -1.44755, 0.0885149, 
219, 0.702396, 1.18938, -0.50901, -0.490232, -0.978125, 0.247508, 
220, 0.479494, 0.947225, 0.554936, -0.531763, -1.73965, -0.0919841, 
220, 0.656563, 0.975486, 0.0987413, -0.362447, -1.33284, 0.0468559, 
220, 0.749454, 1.26659, -0.65715, -0.343562, -0.874987, 0.160027, 
221, 0.73052, 0.984621, 0.365196, -0.135194, -1.6049, -0.0875755, 
221, 0.771709, 1.06316, -0.0968393, -0.101398, -1.22217, -0.0586327, 
221, 0.796262, 1.36796, -0.847347, -0.102043, -0.776893, -0.0266992, 
222, 0.984205, 1.10975, 0.369383, 0.373577, -1.7962, -0.132089, 
222, 0.917235, 1.0836, 0.0708006, 0.301616, -1.48418, -0.223517, 
222, 0.874928, 1.19151, -0.362801, 0.283896, -1.16554, -0.297132, 
222, 0.845873, 1.53247, -1.14912, 0.350265, -0.733822, -0.437586, 
223, 1.16264, 1.24655, -0.12031, 0.881297, -1.67484, -0.401451, 
223, 1.05093, 1.27298, -0.373904, 0.785202, -1.47806, -0.529082, 
223, 0.964013, 1.40169, -0.778523, 0.756574, -1.23575, -0.678814, 
224, 1.25487, 1.60756, -0.93492, -2.06919, 1.58444, 2.30326, 
225, 0.0443712, 0.155172, 0.562172, -0.883187, -1.76186, 0.329961, 
225, 0.556384, 0.492273, -0.318411, -0.655732, -1.05608, 0.363383, 
226, 0.0396484, -0.0197592, 0.495463, -0.942625, -1.55108, 0.592213, 
226, 0.554282, 0.467592, -0.394265, -0.788646, -0.916144, 0.567435, 
227, 0.0341047, -0.126958, 0.367875, -1.08953, -1.36714, 0.912377, 
227, 0.551718, 0.45771, -0.494232, -1.02521, -0.784044, 0.892737, 
228, 0.0288133, -0.165584, 0.180777, 1.80633, 1.25538, -1.82185, 
228, 0.548941, 0.468697, -0.628688, -1.42146, -0.712393, 1.40165, 
229, 0.220572, 0.182782, 0.531792, -0.743906, -1.6511, 0.227902, 
229, 0.609562, 0.564191, -0.417971, -0.590327, -0.989552, 0.294125, 
230, 0.2166, 0.00907879, 0.467647, -0.823532, -1.40647, 0.477617, 
230, 0.607607, 0.541556, -0.495743, -0.732331, -0.836227, 0.507399, 
231, 0.21135, -0.0995327, 0.343243, -1.00174, -1.18605, 0.809158, 
231, 0.605237, 0.534919, -0.600381, -0.999301, -0.689707, 0.863871, 
232, 0.206474, -0.140273, 0.158406, 1.83407, 1.04552, -1.87569, 
232, 0.602708, 0.552237, -0.745192, 1.67594, 0.616518, -1.69778, 
233, 0.38641, 0.247419, 0.45557, -0.590892, -1.55745, 0.113727, 
233, 0.659946, 0.646381, -0.535457, -0.509065, -0.922393, 0.207322, 
234, -0.171579, -0.0176288, 0.881005, -1.03549, -1.8566, 0.342164, 
234, 0.382684, 0.0788841, 0.396569, -0.67964, -1.28132, 0.341841, 
234, 0.658169, 0.626513, -0.616452, -0.658582, -0.751044, 0.428941, 
235, -0.180026, -0.369057, 0.772223, -1.11107, -1.5458, 0.84198, 
235, 0.378191, -0.0294324, 0.277258, -0.878639, -1.01884, 0.675714, 
235, 0.656009, 0.624981, -0.729177, -0.96742, -0.584638, 0.828835, 
237, 0.534783, 0.341992, 0.336708, -0.426696, -1.4831, -0.0123572, 
237, 0.707851, 0.74241, -0.677348, -0.402882, -0.856291, 0.0910233, 
238, 0.174057, -0.0214613, 0.887734, -0.735423, -1.66714, 0.181684, 
238, 0.531841, 0.182328, 0.28353, -0.508784, -1.18158, 0.183244, 
238, 0.70635, 0.726688, -0.764029, -0.551837, -0.660388, 0.313482, 
239, 0.1663, -0.381937, 0.782165, -0.898505, -1.22532, 0.648376, 
239, 0.528134, 0.0760977, 0.170816, -0.706835, -0.872121, 0.499962, 
239, 0.704457, 0.734271, -0.892253, -0.920337, -0.462715, 0.775585, 
240, 0.159285, -0.49604, 0.526689, -1.28429, -0.97991, 1.24552, 
240, 0.524538, 0.0316336, -0.00595286, -1.15587, -0.633957, 1.0781, 
240, 0.702398, 0.786005, -1.09715, 1.40129, 0.407233, -1.42871, 
241, 0.6637, 0.461586, 0.176386, -0.250118, -1.43175, -0.15608, 
241, 0.753679, 0.860235, -0.857771, -0.258757, -0.794833, -0.0727999, 
242, 0.490003, 0.09871, 0.767584, -0.408604, -1.55675, -0.0262797, 
242, 0.661997, 0.312958, 0.128693, -0.306157, -1.11202, -0.00664452, 
242, 0.752726, 0.852222, -0.956294, -0.379399, -0.566718, 0.122294, 
243, 0.484813, -0.238791, 0.679412, -0.555256, -1.01614, 0.310004, 
243, 0.659456, 0.210911, 0.0226499, -0.461086, -0.755327, 0.253651, 
243, 0.751306, 0.882743, -1.12506, -0.830135, -0.310659, 0.669814, 
244, 0.479476, -0.369643, 0.443208, -1.04894, -0.613727, 0.964505, 
244, 0.656564, 0.167545, -0.151682, -0.962109, -0.433369, 0.873605, 
245, 0.734776, 0.673664, 0.467901, -0.0936631, -1.97489, -0.342786, 
245, 0.774094, 0.606219, -0.0340885, -0.0605317, -1.40521, -0.325078, 
245, 0.797774, 1.03373, -1.138, -0.0657312, -0.728672, -0.303534, 
246, 0.73463, 0.288604, 0.542325, -0.0881974, -1.52245, -0.244066, 
246, 0.774245, 0.469716, -0.0730981, -0.0649985, -1.08698, -0.243395, 
246, 0.798021, 1.06284, -1.30014, -0.0893809, -0.453027, -0.208399, 
247, 0.73364, -0.00407364, 0.475261, -0.120513, -0.9702, -0.103808, 
247, 0.773807, 0.37419, -0.17371, -0.0998053, -0.696989, -0.114633, 
248, 0.647627, -0.679385, 0.733248, -0.617329, -0.377821, 0.521718, 
248, 0.730523, -0.144333, 0.26603, -0.353727, -0.399479, 0.244979, 
248, 0.771716, 0.334987, -0.3493, -0.382427, -0.257764, 0.277563, 
249, 0.906733, 0.829036, 0.153328, 0.165298, -1.91305, -0.480609, 
249, 0.867095, 0.781424, -0.30472, 0.133747, -1.40858, -0.526175, 
250, 0.973818, 0.620579, 0.577991, 0.276054, -1.99569, -0.400167, 
250, 0.910422, 0.516122, 0.225316, 0.207075, -1.54322, -0.475353, 
250, 0.870036, 0.660863, -0.343606, 0.19891, -1.12062, -0.527459, 
251, 0.981111, 0.077455, 0.64277, 0.337949, -1.35133, -0.481688, 
251, 0.915473, 0.274642, 0.172341, 0.314786, -1.07496, -0.519486, 
251, 0.873902, 0.577037, -0.441385, 0.351503, -0.767485, -0.599315, 
252, 0.984013, -0.223047, 0.442352, 0.625723, -0.651063, -0.741497, 
252, 0.917236, 0.142203, -0.0142346, 0.615376, -0.538298, -0.742138, 
252, 0.874949, 0.549978, -0.630277, 0.838436, -0.353105, -0.989286, 
253, 1.02754, 1.04551, -0.271932, 0.361488, -1.85766, -0.678104, 
253, 0.944424, 1.01086, -0.682721, 0.311653, -1.41364, -0.757112, 
254, 1.14234, 0.863448, 0.0765688, 0.537806, -1.93158, -0.628189, 
254, 1.03335, 0.785442, -0.199595, 0.442798, -1.58217, -0.726274, 
254, 0.949006, 0.908564, -0.727631, 0.429421, -1.18171, -0.826707, 
255, 1.15207, 0.48616, 0.129682, 0.665855, -1.52789, -0.782152, 
255, 1.04168, 0.59408, -0.253898, 0.63088, -1.24889, -0.871269, 
255, 0.956117, 0.860449, -0.866367, 0.693645, -0.923, -1.03501, 
256, 1.16296, 0.261665, -0.0447888, 1.02092, -1.12043, -1.14429, 
256, 1.05091, 0.500976, -0.456105, 1.06215, -0.93742, -1.2519, 
256, 0.963964, 0.919273, -1.19185, 1.31173, -0.735336, -1.60499, 
257, 1.1138, 1.40476, -0.955394, 0.489963, -1.73785, -0.960886, 
258, 1.11936, 1.16025, -0.843833, 0.599901, -1.55302, -1.02609, 
259, 1.24623, 0.942214, -0.58954, 0.818627, -1.56046, -1.09625, 
259, 1.12662, 1.0187, -0.923429, 0.807008, -1.29854, -1.20332, 
260, 1.13448, 1.09476, -1.38359, 1.27481, -1.06639, -1.69475, 
261, 0.0547216, -0.146615, 0.219632, -0.71754, -1.40324, 0.644718, 
262, 0.0516484, -0.141194, 0.0106543, -0.802679, -1.24342, 0.842771, 
263, -0.700052, -0.0989958, 0.269074, -0.86672, -1.99518, 1.17269, 
263, 0.0482739, -0.0833766, -0.252591, -0.93164, -1.1047, 1.08456, 
264, 0.0443704, 0.0381847, -0.601133, 2.0143, 0.997225, -1.73271, 
265, 0.0395579, 0.321476, -1.21965, -1.45425, -0.951967, -4.3476, 
268, 0.231001, -0.111911, 0.190827, -0.629641, -1.28299, 0.459674, 
269, -0.46046, -0.187535, 0.672221, -0.869343, -2.00291, 0.717042, 
269, 0.228024, -0.109071, -0.0161488, -0.734031, -1.10211, 0.661312, 
270, -0.465309, -0.326329, 0.4598, -0.849479, -1.76216, 1.0273, 
270, 0.224708, -0.0534673, -0.278798, -0.898328, -0.943337, 0.925368, 
271, -0.470871, -0.318309, 0.145941, 2.23485, 1.57215, -1.82361, 
271, 0.220861, 0.0666186, -0.628556, 1.9754, 0.824716, 4.44996, 
272, 0.21662, 0.371058, -1.28824, -1.63012, -0.810128, -4.32345, 
275, 0.395444, -0.0339959, 0.120282, -0.510026, -1.19361, 0.251922, 
276, -0.151539, -0.329649, 0.78512, -0.733763, -1.7625, 0.518223, 
276, 0.392786, -0.0343749, -0.0838488, -0.620775, -0.985652, 0.445318, 
277, -0.157305, -0.465812, 0.558868, -0.787979, -1.47425, 0.819085, 
277, 0.389902, 0.0193084, -0.348094, -0.813764, -0.794603, 0.726235, 
278, -0.163871, -0.44439, 0.236201, -0.923473, -1.2657, 1.13438, 
278, 0.386633, 0.144533, -0.712659, -1.17563, -0.64774, 1.19339, 
280, -0.878927, -0.118991, -0.47522, -0.960494, -1.70122, -4.24968, 
282, 0.196831, 0.0432108, 0.866432, -0.548167, -2.00618, -0.0479753, 
282, 0.541799, 0.081078, 0.00647859, -0.366679, -1.13919, 0.0292683, 
283, 0.19225, -0.321982, 0.783401, -0.537581, -1.57239, 0.226407, 
283, 0.539725, 0.0790434, -0.195877, -0.464186, -0.903752, 0.195675, 
284, 0.187117, -0.464193, 0.561048, -0.634154, -1.21994, 0.496014, 
284, 0.537466, 0.133242, -0.465868, -0.659205, -0.669535, 0.467216, 
285, -0.495559, -0.736063, 0.804439, -0.864913, -1.64077, 1.09019, 
285, 0.181209, -0.447531, 0.241115, -0.840736, -0.953233, 0.838916, 
285, 0.534919, 0.272481, -0.862273, -1.14604, -0.469359, 1.04935, 
287, 0.166303, -0.039227, -0.814803, 1.38363, 0.846938, -1.04614, 
289, 0.503207, 0.166005, 0.733906, -0.294146, -1.95231, -0.258848, 
289, 0.667916, 0.22838, -0.154941, -0.212379, -1.11643, -0.199184, 
290, 0.500574, -0.165162, 0.664939, -0.300077, -1.50956, -0.10097, 
290, 0.666662, 0.228903, -0.359924, -0.276286, -0.859005, -0.0800778, 
291, 0.497377, -0.3198, 0.464898, -0.371114, -1.10402, 0.0819989, 
291, 0.665316, 0.291239, -0.647348, -0.424607, -0.577519, 0.132584, 
292, 0.106553, -0.902755, 0.878579, -0.69894, -1.0847, 0.656919, 
292, 0.493974, -0.325626, 0.16072, -0.555134, -0.743747, 0.366456, 
292, 0.663836, 0.481756, -1.14165, -1.09882, -0.278839, 0.891601, 
293, 0.0953609, -0.783767, 0.409892, -1.05757, -0.823629, 1.16944, 
293, 0.490038, -0.211713, -0.257212, -1.1021, -0.461078, 1.02383, 
294, 0.0824606, -0.515626, -0.197171, 1.52555, 0.804067, -1.23739, 
296, 0.736042, 0.349014, 0.499329, -0.0768705, -1.9298, -0.446954, 
296, 0.774492, 0.407929, -0.374706, -0.0600252, -1.11422, -0.427437, 
297, 0.735507, 0.0709294, 0.444765, -0.0781031, -1.53535, -0.38536, 
297, 0.774231, 0.420078, -0.595052, -0.0772366, -0.843777, -0.369775, 
298, 0.735049, -0.0801204, 0.26842, -0.0919841, -1.1297, -0.311464, 
298, 0.77407, 0.512913, -0.936879, -0.121124, -0.516659, -0.277129, 
299, 0.657288, -0.617813, 0.754399, -0.165882, -0.984369, -0.155524, 
299, 0.734799, -0.104217, -0.0178602, -0.131247, -0.717093, -0.206721, 
300, 0.655957, -0.59386, 0.326442, -0.344824, -0.453316, 0.11468, 
300, 0.734622, -0.0050106, -0.437991, -0.345037, -0.262838, 0.0856837, 
301, 0.733645, 0.373565, -1.30224, 0.233315, 0.443563, -0.383581, 
303, 0.901474, 0.565038, 0.180162, 0.09271, -1.90554, -0.623983, 
303, 0.863554, 0.633812, -0.68608, 0.0811858, -1.10798, -0.655625, 
304, 0.902772, 0.338408, 0.132677, 0.102297, -1.5759, -0.623219, 
304, 0.864311, 0.687019, -0.971628, 0.116276, -0.820391, -0.668732, 
305, 0.965035, 0.146142, 0.610309, 0.1581, -1.7929, -0.603082, 
305, 0.904326, 0.207502, -0.0287669, 0.131558, -1.21337, -0.631763, 
306, 0.968585, -0.15988, 0.442131, 0.203834, -1.23268, -0.655688, 
306, 0.906726, 0.185716, -0.30952, 0.212938, -0.822658, -0.68257, 
307, 0.973724, -0.210967, 0.0731445, 0.388566, -0.712466, -0.817007, 
307, 0.910498, 0.307697, -0.784028, 0.582084, -0.383234, -1.01752, 
310, 1.01925, 0.823987, -0.24133, 0.217078, -1.85505, -0.810455, 
310, 0.937643, 1.00965, -1.27918, 0.218584, -1.0048, -0.91137, 
311, 1.02114, 0.640964, -0.288998, 0.240166, -1.58701, -0.846855, 
312, 1.13028, 0.526292, 0.106747, 0.334205, -1.82842, -0.838055, 
312, 1.02377, 0.54352, -0.458938, 0.29637, -1.27599, -0.910979, 
313, 1.13497, 0.297907, -0.0363402, 0.397956, -1.41477, -0.953573, 
313, 1.02759, 0.568621, -0.801303, 0.44014, -0.918965, -1.06273, 
314, 1.14197, 0.258143, -0.400073, 0.60748, -0.995925, -1.19699, 
317, 1.10426, 1.19727, -0.89031, 0.299004, -1.71699, -1.03631, 
318, 1.22412, 1.26857, -0.68985, 0.393594, -1.98352, -1.0344, 
318, 1.10659, 1.06542, -0.970621, 0.341686, -1.49199, -1.10381, 
319, 1.22753, 0.974523, -0.613801, 0.429747, -1.75253, -1.11025, 
319, 1.10968, 1.13399, -1.39303, 0.442927, -1.13969, -1.26206, 
320, 1.23208, 0.837345, -0.803702, 0.515264, -1.42734, -1.26106, 
