0 0 0
1 0 1
2 0 1
3 0 1
4 1 0
5 1 1
6 1 1
7 1 1
8 2 0
9 2 0
10 2 1
11 2 1
12 3 0
13 3 1
14 3 1
15 4 0
16 4 1
17 4 1
18 5 0
19 5 0
20 5 1
21 5 1
22 6 0
23 6 0
24 6 0
25 6 1
26 7 0
27 7 0
28 7 1
29 8 0
30 8 0
31 8 1
32 9 0
33 9 1
34 10 0
35 10 0
36 10 1
37 11 0
38 11 1
39 11 1
40 12 1
41 13 0
42 13 1
43 13 1
44 14 0
45 14 1
46 14 1
47 15 1
48 15 1
49 15 1
50 15 1
51 16 1
52 16 1
53 16 1
54 17 1
55 17 1
56 18 1
57 18 1
58 18 1
59 19 1
60 19 1
61 19 1
62 19 1
63 20 1
64 20 1
65 20 1
66 20 1
67 21 1
68 21 0
69 22 1
70 22 0
71 22 1
72 23 0
73 23 0
74 23 0
75 24 1
76 24 1
77 24 0
78 24 1
79 25 1
80 25 0
81 26 0
82 26 1
83 26 0
84 27 0
85 27 1
86 27 0
87 28 0
88 28 0
89 28 1
90 29 0
91 29 0
92 30 0
93 30 1
94 30 0
95 31 0
96 31 1
97 31 0
98 32 1
99 33 0
100 33 1
101 34 1
102 34 0
103 35 0
104 35 1
105 35 0
106 36 0
107 36 1
108 37 0
109 37 0
110 38 0
111 38 1
112 39 0
113 39 0
114 40 1
115 40 1
116 41 0
117 41 1
118 42 0
119 42 0
120 43 1
121 43 0
122 44 1
123 44 1
124 45 0
125 45 0
126 46 0
127 47 0
128 47 1
129 48 1
130 48 1
131 49 1
132 52 0
133 52 1
134 53 0
135 53 1
136 54 0
137 54 1
138 54 1
139 55 1
140 55 1
141 56 1
142 56 1
143 59 0
144 59 1
145 60 1
146 60 1
147 61 0
148 61 1
149 61 1
150 62 1
151 62 1
152 63 1
153 63 1
154 64 1
155 64 1
156 66 0
157 66 1
158 67 1
159 67 0
160 68 0
161 68 1
162 69 0
163 69 0
164 69 1
165 70 1
166 70 1
167 71 0
168 73 0
169 74 1
170 74 0
171 75 1
172 75 0
173 76 0
174 76 1
175 76 0
176 77 1
177 78 1
178 80 0
179 81 0
180 81 1
181 82 1
182 82 0
183 83 0
184 83 1
185 83 1
186 84 0
187 84 0
188 84 1
189 87 1
190 88 0
191 88 1
192 89 0
193 89 1
194 90 1
195 91 1
196 94 1
197 95 0
198 96 0
199 96 1
200 97 0
201 98 0
202 101 1
203 102 0
204 103 0
205 104 0
206 104 0
207 104 1
208 105 0
209 108 0
210 108 0
211 108 1
212 109 0
213 109 0
214 109 0
215 109 1
216 110 0
217 110 0
218 110 0
219 110 1
220 111 0
221 111 1
222 112 0
223 112 1
224 113 0
225 113 0
226 113 1
227 114 0
228 114 0
229 114 0
230 114 1
231 115 0
232 115 0
233 115 0
234 116 0
235 116 0
236 117 1
237 118 0
238 118 1
239 119 0
240 119 0
241 121 0
242 121 1
243 122 0
244 122 0
245 123 0
246 123 1
247 123 0
248 124 0
249 124 0
250 124 1
251 125 0
252 125 0
253 126 0
254 126 1
255 126 0
256 127 0
257 127 1
258 127 0
259 127 0
260 128 0
261 129 0
262 129 1
263 130 0
264 130 1
265 130 0
266 131 1
267 131 1
268 131 0
269 132 1
270 132 1
271 132 0
272 132 1
273 133 0
274 133 0
275 134 0
276 134 1
277 134 0
278 135 0
279 135 1
280 135 0
281 136 0
282 136 0
283 136 1
284 136 0
285 137 0
286 137 0
287 138 0
288 138 1
289 138 0
290 139 1
291 139 0
292 139 1
293 140 0
294 140 0
295 140 1
296 140 0
297 141 0
298 141 1
299 142 0
300 142 0
301 143 0
302 143 0
303 143 1
304 143 0
305 144 0
306 144 1
307 144 0
308 145 0
309 145 0
310 146 0
311 146 1
312 147 0
313 147 1
314 147 0
315 149 0
316 150 0
317 150 1
318 151 0
319 151 1
320 153 0
321 154 0
322 155 0
323 155 1
324 156 0
325 160 1
326 160 0
327 161 1
328 162 0
329 162 0
330 163 0
331 164 0
332 167 1
333 167 0
334 168 0
335 168 1
336 169 0
337 169 1
338 170 0
339 170 1
340 170 0
341 171 0
342 174 1
343 174 0
344 175 0
345 175 0
346 176 1
347 176 0
348 177 1
349 177 1
350 177 0
351 178 1
352 178 0
353 178 0
354 179 1
355 180 1
356 181 1
357 181 0
358 182 0
359 182 1
360 183 0
361 183 1
362 184 0
363 184 0
364 184 1
365 185 0
366 185 1
367 185 1
368 187 1
369 188 1
370 188 1
371 189 0
372 189 1
373 190 0
374 190 1
375 191 0
376 191 1
377 191 0
378 192 1
379 192 1
380 192 0
381 193 1
382 195 1
383 196 0
384 196 1
385 197 0
386 197 1
387 198 0
388 198 1
389 198 1
390 199 0
391 199 0
392 202 1
393 203 0
394 204 0
395 204 0
396 205 1
397 209 0
398 210 1
399 211 0
400 211 1
401 212 0
402 216 0
403 216 0
404 216 1
405 217 0
406 217 0
407 217 1
408 218 0
409 218 0
410 218 0
411 218 1
412 219 0
413 219 0
414 219 1
415 219 1
416 220 0
417 220 1
418 220 1
419 221 1
420 221 1
421 221 1
422 222 0
423 222 1
424 222 1
425 222 1
426 223 0
427 223 1
428 223 1
429 224 1
430 225 0
431 225 1
432 226 0
433 226 0
434 227 0
435 227 1
436 228 0
437 228 0
438 229 0
439 229 1
440 230 0
441 230 0
442 231 0
443 231 1
444 232 0
445 232 0
446 233 1
447 233 1
448 234 0
449 234 0
450 234 1
451 235 0
452 235 0
453 235 1
454 237 0
455 237 0
456 238 0
457 238 1
458 238 1
459 239 0
460 239 0
461 239 0
462 240 1
463 240 0
464 240 0
465 241 0
466 241 1
467 242 1
468 242 0
469 242 1
470 243 1
471 243 1
472 243 0
473 244 0
474 244 1
475 245 0
476 245 0
477 245 1
478 246 1
479 246 1
480 246 1
481 247 1
482 247 1
483 248 1
484 248 0
485 248 1
486 249 0
487 249 1
488 250 0
489 250 1
490 250 1
491 251 1
492 251 1
493 251 1
494 252 1
495 252 1
496 252 1
497 253 0
498 253 1
499 254 0
500 254 1
501 254 1
502 255 1
503 255 1
504 255 1
505 256 1
506 256 1
507 256 1
508 257 0
509 258 1
510 259 1
511 259 1
512 260 1
513 261 1
514 262 0
515 263 0
516 263 1
517 264 0
518 265 1
519 268 1
520 269 0
521 269 1
522 270 0
523 270 0
524 271 1
525 271 1
526 272 1
527 275 1
528 276 0
529 276 1
530 277 0
531 277 1
532 278 0
533 278 1
534 280 0
535 282 0
536 282 1
537 283 1
538 283 0
539 284 1
540 284 0
541 285 0
542 285 1
543 285 1
544 287 1
545 289 0
546 289 1
547 290 1
548 290 0
549 291 1
550 291 0
551 292 1
552 292 1
553 292 1
554 293 1
555 293 1
556 294 0
557 296 0
558 296 1
559 297 1
560 297 1
561 298 1
562 298 1
563 299 1
564 299 1
565 300 1
566 300 0
567 301 0
568 303 0
569 303 1
570 304 1
571 304 1
572 305 0
573 305 1
574 306 1
575 306 1
576 307 1
577 307 1
578 310 0
579 310 1
580 311 1
581 312 0
582 312 1
583 313 1
584 313 1
585 314 1
586 317 0
587 318 0
588 318 1
589 319 0
590 319 1
591 320 1
