0, -1.20606, 1.3092, -0.310313, -1.10356, -1.70989, 0.537288, 
0, -1.07775, 1.29528, -0.42014, -0.947423, -1.57062, 0.593992, 
0, -0.927772, 1.26155, -0.536184, -0.821396, -1.42423, 0.663924, 
0, -0.833041, 1.3918, -0.880616, -0.827401, -1.21201, 0.777795, 
1, -1.04577, 1.18113, 0.28283, -0.805021, -1.85118, 0.120285, 
1, -0.923257, 1.02709, 0.0752616, -0.625509, -1.613, 0.35853, 
1, -0.809251, 1.07747, -0.16297, -0.557735, -1.43677, 0.476388, 
1, -0.801704, 1.31434, -0.733663, -0.633731, -1.11752, 0.600077, 
2, -0.806829, 1.19075, 0.581436, -0.222384, -2.0071, 0.047956, 
2, -0.77635, 0.998502, 0.363451, -0.165713, -1.67561, 0.151262, 
2, -0.789064, 1.0717, 0.0322164, -0.179787, -1.41816, 0.174237, 
2, -0.749894, 1.17351, -0.448616, -0.157284, -1.04326, 0.215056, 
3, -0.298873, 1.17794, 0.755296, 0.674438, -2.0071, 0.349451, 
3, -0.533951, 1.07424, 0.551952, 0.396233, -1.89693, 0.163551, 
3, -0.61391, 0.976279, 0.191343, 0.25206, -1.43403, 0.0104493, 
3, -0.67056, 1.10861, -0.334403, 0.211937, -1.03697, -0.0213344, 
4, -0.206631, 0.891563, 0.676492, 0.768943, -1.83551, 0.0788889, 
4, -0.475234, 0.906066, 0.323708, 0.532968, -1.51228, -0.0658845, 
4, -0.610121, 1.05558, -0.234974, 0.431994, -1.09611, -0.149769, 
5, 0.79214, 1.01079, 0.604004, 1.95814, -1.82857, 0.213372, 
5, 0.144686, 0.899393, 0.665311, 1.22191, -1.80804, 0.110248, 
5, -0.320076, 0.862703, 0.413954, 0.774191, -1.59259, -0.0883533, 
5, -0.553219, 1.01288, -0.150076, 0.581951, -1.17242, -0.219512, 
6, 1.03251, 1.07871, 0.410464, 2.23358, -1.90348, 0.115998, 
6, 0.468224, 0.96508, 0.556736, 1.63158, -1.77912, 0.116025, 
6, -0.147932, 0.842981, 0.453008, 0.99997, -1.64488, -0.0929129, 
6, -0.495673, 0.976915, -0.0756704, 0.697449, -1.24957, -0.25904, 
7, 1.15475, 1.24361, -0.128576, 2.17045, -2.0071, 5.97847, 
7, 0.697819, 0.982658, 0.358512, 1.88173, -1.86336, -0.0719678, 
7, 0.0356319, 0.835198, 0.46238, 1.20555, -1.69774, -0.113671, 
7, -0.435931, 0.945986, -0.00996412, 0.795098, -1.32257, -0.282318, 
8, 0.851472, 1.0216, 0.210794, 2.11575, -1.96066, -0.189619, 
8, 0.219801, 0.825848, 0.454307, 1.39254, -1.75102, -0.146415, 
8, -0.373344, 0.919327, 0.0477162, 0.883326, -1.39034, -0.296475, 
9, -1.05679, 1.0703, -0.308542, -0.518802, -1.97652, 0.756634, 
9, -0.975375, 0.875555, -0.410428, -0.462017, -1.66728, 0.764714, 
9, -0.806837, 0.92532, -0.94304, -0.377876, -1.18029, 0.930675, 
10, -1.19659, 0.962652, -0.118839, -0.711841, -2.0025, 0.747227, 
10, -1.03911, 0.807858, -0.239174, -0.573097, -1.7276, 0.843632, 
10, -0.94517, 0.819497, -0.553565, -0.539096, -1.4131, 0.899589, 
10, -0.81432, 0.927253, -1.04359, -0.52558, -1.01663, 1.03786, 
11, -1.15519, 0.521714, 0.066839, -0.752925, -1.68777, 0.924741, 
11, -1.10501, 0.651669, -0.211396, -0.763429, -1.51296, 0.921197, 
11, -0.946649, 0.764442, -0.694595, -0.757639, -1.14389, 1.08646, 
11, -0.823995, 0.929674, -1.15219, -0.768326, -0.8364, 1.22219, 
12, -1.06775, 0.564416, -0.542302, 2.0209, 1.11876, -1.8012, 
12, -0.849343, 1.10375, -1.56833, 1.75837, 0.673544, -1.36002, 
13, -0.923419, 0.848731, 0.108921, -0.316383, -2.0071, 0.55392, 
13, -0.859396, 0.728965, -0.196325, -0.267112, -1.58482, 0.609195, 
13, -0.780453, 0.855677, -0.83899, -0.249945, -1.06892, 0.698761, 
14, -1.09483, 0.619093, 0.501952, -0.543469, -2.0071, 0.421259, 
14, -0.95833, 0.564451, 0.194056, -0.401304, -1.70264, 0.596244, 
14, -0.835159, 0.487998, -0.0985992, -0.300971, -1.33478, 0.699779, 
14, -0.785674, 0.849, -0.931365, -0.384339, -0.875245, 0.785776, 
15, -1.08437, 0.213285, 0.501016, -0.600997, -1.5353, 0.659111, 
15, -0.950976, 0.335327, 0.121054, -0.554552, -1.29944, 0.729948, 
15, -0.848868, 0.449426, -0.262154, -0.514739, -1.00081, 0.831779, 
15, -0.792207, 0.850503, -1.04273, -0.694075, -0.675968, 1.03828, 
16, -1.07455, -0.0407364, 0.284184, -0.966731, -1.04716, 1.07213, 
16, -0.959975, 0.197074, -0.0538289, -1.073, -0.905171, 1.21665, 
16, -0.870752, 0.503207, -0.558982, -1.05808, -0.721568, 1.24711, 
16, -0.80664, 1.26057, -1.88689, 1.19546, 0.50058, -0.841787, 
17, -0.675699, 0.44722, 0.57684, 0.0851925, -1.98875, 0.390407, 
17, -0.739906, 0.453691, 0.200657, -0.0399775, -1.57724, 0.43227, 
17, -0.740001, 0.762016, -0.696273, -0.0657472, -0.98779, 0.440834, 
18, -0.800431, 0.519496, 0.826311, -0.152975, -2.0071, 0.308987, 
18, -0.7493, 0.232424, 0.571251, -0.0975203, -1.60584, 0.324078, 
18, -0.752654, 0.386508, 0.0424406, -0.10088, -1.21454, 0.404383, 
18, -0.74255, 0.74505, -0.777402, -0.126893, -0.755247, 0.442298, 
19, -0.799435, -0.20906, 0.9266, -0.204836, -1.33521, 0.367936, 
19, -0.776137, 0.00234097, 0.478798, -0.181056, -1.07792, 0.389494, 
19, -0.820298, 0.370768, 0.00116177, -0.248041, -0.949776, 0.472329, 
19, -0.771913, 0.680111, -0.640766, -0.241722, -0.612837, 0.47365, 
20, -0.885967, -0.521773, 0.688893, -0.450106, -0.480459, 0.61245, 
20, -0.846861, -0.0672486, 0.293221, -0.513501, -0.536482, 0.634813, 
20, -0.796608, 0.285465, -0.164338, -0.512137, -0.428934, 0.637546, 
20, -0.756043, 0.672078, -0.758806, -0.551475, -0.218387, 0.677744, 
21, -0.541342, 0.578374, 0.677428, 0.23426, -2.0071, 0.276844, 
21, -0.634408, 0.374613, 0.305669, 0.145227, -1.52508, 0.219589, 
21, -0.675707, 0.667573, -0.402116, 0.14286, -1.11549, 0.206107, 
22, -0.322132, 0.34935, 0.9599, 0.47663, -2.0071, 0.250542, 
22, -0.512056, 0.143257, 0.875787, 0.262043, -1.74214, 0.0297447, 
22, -0.61384, 0.373869, 0.236575, 0.194728, -1.32058, 0.101228, 
22, -0.663238, 0.619871, -0.46693, 0.181663, -0.852277, 0.0890455, 
23, -0.498455, -0.152535, 0.681844, 0.358013, -1.04438, -0.155706, 
23, -0.602801, 0.192557, 0.134308, 0.296246, -0.832843, -0.102432, 
23, -0.649456, 0.58203, -0.546476, 0.30331, -0.532802, -0.124514, 
24, -0.299896, -0.908783, 0.833582, 1.24231, -0.509197, -1.22081, 
24, -0.495786, -0.361145, 0.455833, 0.885028, -0.358854, -0.792936, 
24, -0.59019, 0.107137, -0.0278368, 0.858608, -0.338371, -0.774393, 
24, -0.632082, 0.559825, -0.648136, 1.05131, -0.165707, -0.974863, 
25, -0.498763, 0.279485, 0.420745, 0.35096, -1.53417, 0.0372348, 
25, -0.585609, 0.565361, -0.300434, 0.328088, -1.06028, -0.0112512, 
26, -0.224626, -0.00451243, 0.893367, 0.599394, -1.67703, -0.118263, 
26, -0.420661, 0.164369, 0.392919, 0.490448, -1.22266, -0.201508, 
26, -0.576534, 0.509101, -0.356682, 0.431265, -0.801225, -0.192816, 
27, -0.214491, -0.381028, 0.793029, 0.727503, -1.13886, -0.51131, 
27, -0.490672, 0.0266908, 0.225742, 0.610701, -0.853011, -0.423265, 
27, -0.565742, 0.461965, -0.426137, 0.712983, -0.494055, -0.564263, 
28, -0.203626, -0.501071, 0.530882, -1.90537, 0.82458, 1.94632, 
28, -0.484583, -0.0175398, 0.0447475, 1.04362, -0.574319, -0.971364, 
28, -0.630909, 0.562203, -0.757813, 1.20987, -0.371476, -1.16434, 
29, -0.347376, 0.195746, 0.51648, 0.535724, -1.58474, -0.114238, 
29, -0.512235, 0.459607, -0.193796, 0.478756, -1.02557, -0.184462, 
30, 0.131794, -0.0266674, 0.895336, 0.948644, -1.81682, -0.30973, 
30, -0.34049, 0.0413433, 0.442672, 0.624445, -1.28537, -0.318882, 
30, -0.583391, 0.471609, -0.393506, 0.593717, -0.824374, -0.373206, 
31, 0.15084, -0.412795, 0.805501, 1.07881, -1.33783, -0.817209, 
31, -0.331849, -0.0699732, 0.326912, 0.751001, -0.991266, -0.572225, 
31, -0.581276, 0.453221, -0.480967, 0.821983, -0.634531, -0.68824, 
32, 0.151603, -0.498992, 0.529428, -1.81358, 1.28381, 1.82354, 
33, -0.187639, 0.148266, 0.579976, 0.684553, -1.66725, -0.230919, 
33, -0.529178, 0.434159, -0.233671, 0.565766, -1.06575, -0.284884, 
34, 0.461394, 0.0819653, 0.786559, 1.23221, -1.99235, -0.417526, 
34, -0.17147, -0.0045878, 0.507859, 0.745178, -1.41144, -0.430295, 
34, -0.527099, 0.404168, -0.301879, 0.689473, -0.903715, -0.478669, 
35, 0.456474, -0.239781, 0.679348, 1.20022, -1.79128, -0.909547, 
35, -0.154034, -0.126539, 0.368654, 1.01234, -1.14938, -0.831753, 
35, -0.524133, 0.382061, -0.383301, 0.808702, -0.727729, -0.683671, 
36, -0.149946, -0.162498, 0.178412, -1.83518, 1.05004, 1.86659, 
36, -0.516849, 0.404876, -0.540417, 1.38839, -0.639935, -1.36297, 
37, -0.0280001, 0.162293, 0.605451, 0.788224, -1.77093, -0.296655, 
37, -0.470645, 0.37678, -0.156047, 0.641644, -1.12888, -0.368044, 
38, 0.0194166, -0.0296419, 0.505596, 0.947917, -1.55047, -0.608308, 
38, -0.467893, 0.34561, -0.22244, 0.744606, -0.982915, -0.541038, 
39, 0.700566, -0.0477233, 0.507655, -1.72315, 2.0071, 2.19606, 
39, 0.0259628, -0.133344, 0.375048, 1.08878, -1.38419, -0.924718, 
39, -0.459412, 0.339176, -0.338446, 1.03012, -0.819321, -0.90655, 
40, 0.0339766, -0.183468, 0.204194, -1.90136, 1.2393, 1.9013, 
40, -0.454975, 0.339772, -0.458222, 1.46091, -0.767267, -1.44066, 
41, 0.193782, 0.16238, 0.550273, 1.02331, -1.87765, -0.435786, 
41, -0.409026, 0.327854, -0.0891717, 0.698015, -1.19518, -0.430642, 
42, 0.20144, -0.017623, 0.494119, 1.07311, -1.64576, -0.688862, 
42, -0.405238, 0.295393, -0.15361, 0.774194, -1.05978, -0.576922, 
43, 0.222149, -0.112504, 0.362506, 1.12542, -1.59409, -0.948018, 
43, -0.395715, 0.283633, -0.268821, 1.08261, -0.877684, -0.96403, 
44, 0.209105, -0.173117, 0.187972, -1.81687, 1.39407, 1.76621, 
44, -0.393281, 0.290866, -0.39794, 1.37338, -0.849294, -1.36445, 
45, -1.01949, 0.831094, -0.258544, -0.290444, -1.94757, 0.89819, 
45, -0.88069, 0.594026, -0.625499, -0.196998, -1.29548, 0.964069, 
46, -1.09103, 0.673776, -0.22768, -0.374329, -1.79833, 0.895829, 
46, -0.92655, 0.920685, -1.31178, -0.364096, -0.968962, 1.09158, 
47, -1.12852, 0.553219, 0.0508412, -0.369318, -1.94041, 0.994508, 
47, -1.05655, 0.58183, -0.435658, -0.391786, -1.48657, 1.04479, 
47, -0.930426, 1.2698, -2.10133, -0.617431, -0.536678, 1.39325, 
48, -1.17566, 0.383346, -0.14177, -0.466117, -1.58793, 1.12418, 
48, -1.05692, 0.579602, -0.742454, -0.543126, -1.15888, 1.23872, 
49, -1.18386, 0.453747, -0.64082, -0.692675, -1.17546, 1.39074, 
49, -1.05035, 0.970777, -1.74079, -0.987767, -0.6892, 1.80057, 
50, -1.19286, 1.09032, -2.10697, 1.75096, 0.751028, -6.9813, 
52, -0.95071, 0.603684, 0.16628, -0.212613, -2.0071, 0.706395, 
52, -0.829944, 0.480552, -0.468845, -0.144668, -1.25515, 0.752738, 
53, -0.930422, 0.386359, 0.0933482, -0.210906, -1.6909, 0.733448, 
53, -0.832895, 0.504777, -0.69822, -0.192898, -1.00583, 0.794307, 
54, -1.06207, 0.262921, 0.47961, -0.313514, -1.88895, 0.739119, 
54, -0.910089, 0.122934, 0.067767, -0.203398, -1.32707, 0.813558, 
54, -0.834993, 0.580759, -1.00868, -0.296523, -0.716916, 0.89962, 
55, -1.04868, 0.0136525, 0.300646, -0.358427, -1.42947, 0.859066, 
55, -0.914492, 0.127773, -0.237891, -0.30684, -0.940766, 0.906245, 
55, -0.83685, 0.751314, -1.48177, -0.651905, -0.371067, 1.28503, 
56, -1.05258, -0.0499792, -0.0486416, -0.575682, -0.983249, 1.11172, 
56, -0.937988, 0.345169, -0.803855, -0.738901, -0.624511, 1.28185, 
57, -0.945952, 0.637841, -1.55296, -1.91061, -0.48501, 2.49484, 
58, -1.08246, 0.448105, -1.55443, -2.09192, -0.960875, 2.82877, 
59, -0.723978, 0.26825, 0.555736, 0.0616789, -2.0071, 0.511057, 
59, -0.856164, 0.335799, -0.136473, -0.0489976, -1.36802, 0.628313, 
60, -0.761435, 0.0540148, 0.463552, -0.0410647, -1.62395, 0.488736, 
60, -0.845001, 0.311441, -0.320717, -0.0629593, -1.09937, 0.606849, 
61, -0.778336, -0.10578, 0.900557, -0.0779793, -1.86241, 0.498054, 
61, -0.893839, -0.000735972, 0.318036, -0.0998423, -1.35356, 0.610951, 
61, -0.845322, 0.338443, -0.547164, -0.103369, -0.821789, 0.612827, 
62, -0.907071, -0.472121, 0.726095, -0.0319687, -1.19221, 0.586983, 
62, -0.874933, -0.0749769, 0.0504379, -0.15453, -0.907074, 0.61668, 
62, -0.7511, 0.562253, -1.21932, -0.228479, -0.270066, 0.639551, 
63, -0.906382, -0.491556, 0.319116, -0.290832, -0.619271, 0.693749, 
63, -0.901961, -0.0146184, -0.29802, -0.467854, -0.473681, 0.898322, 
63, -0.754193, 0.677791, -1.54078, -2.7006, -0.115716, 3.00885, 
64, -0.806759, -0.281477, -0.322876, -1.52164, -0.101518, 1.8256, 
64, -0.776018, 0.416561, -1.35063, 3.4906, -0.383366, -3.28759, 
65, -0.807772, 0.472535, -1.84167, 0.213007, 1.05708, 0.0733434, 
66, -0.538399, 0.157308, 0.726473, 0.177395, -1.98405, 0.307417, 
66, -0.666401, 0.20197, -0.0325094, 0.124784, -1.2918, 0.321425, 
67, -0.556453, -0.0309185, 0.662507, 0.198255, -1.70066, 0.229406, 
67, -0.655392, 0.180291, -0.219226, 0.155388, -1.01782, 0.235294, 
68, -0.542692, -0.259744, 0.460967, 0.212612, -1.18578, 0.11732, 
68, -0.645726, 0.209353, -0.449137, 0.21694, -0.732952, 0.112804, 
69, -0.323673, -0.875106, 0.879945, 0.357533, -0.891435, -0.186777, 
69, -0.532155, -0.292378, 0.170879, 0.306997, -0.751885, -0.0646273, 
69, -0.632004, 0.286704, -0.729493, 0.398453, -0.418891, -0.141409, 
70, -0.320391, -0.760435, 0.408454, 0.91716, -0.555086, -0.868874, 
70, -0.514994, -0.200403, -0.204088, 0.750803, -0.316501, -0.609204, 
70, -0.63313, 0.248536, -0.88871, -1.57798, 0.147065, 1.79905, 
71, -0.529572, 0.0760592, -0.917908, -0.950484, 0.322705, 0.976212, 
72, -0.320735, 0.0811889, -1.34312, -0.677116, 1.04453, 0.376694, 
72, -0.523861, 0.291393, -1.52533, -0.470968, 1.02579, 6.69264, 
73, -0.246558, 0.0639943, 0.858966, 0.43035, -2.0071, 0.104174, 
73, -0.487684, 0.0534504, 0.0830229, 0.296469, -1.21494, 0.0305202, 
74, -0.189595, -0.322961, 0.817514, 0.425109, -1.52453, -0.191192, 
74, -0.479205, 0.0333843, -0.105216, 0.373088, -0.938383, -0.116611, 
75, -0.233363, -0.457261, 0.56294, 0.517906, -1.18199, -0.359526, 
75, -0.463946, 0.0637818, -0.337935, 0.543971, -0.650395, -0.367093, 
76, 0.343704, -0.863417, 0.887259, 0.77193, -1.42878, -0.972964, 
76, -0.226243, -0.448296, 0.249641, 0.701116, -0.874273, -0.661246, 
76, -0.496395, 0.199649, -0.762789, 0.906871, -0.43838, -0.796311, 
77, -0.217994, -0.32594, -0.167134, 1.18236, -0.590582, -1.26547, 
77, -0.492701, 0.632647, -1.66334, -0.864469, 0.52793, -5.43732, 
78, -0.208841, -0.0613999, -0.781842, -1.25743, 0.60126, 1.00113, 
78, -0.490425, 0.484383, -1.60051, 2.48337, -0.705294, -2.62592, 
79, 0.363877, 0.297759, -1.70228, -1.42306, 1.2733, 6.5753, 
79, -0.204099, 0.341545, -1.62228, -0.83774, 1.11311, 0.308544, 
80, 0.103379, 0.028241, 0.883096, 0.704471, -2.0071, -0.122262, 
80, -0.31645, -0.0984142, 0.201438, 0.466034, -1.14501, -0.244901, 
80, -0.58622, 0.859296, -1.70721, -1.92831, 0.328959, 2.06706, 
81, 0.0991626, -0.3123, 0.807663, 0.606008, -1.74483, -0.419048, 
81, -0.347123, -0.0683251, -0.0459375, 0.551816, -0.999434, -0.393383, 
82, 0.120715, -0.466728, 0.595028, 0.632462, -1.4232, -0.647643, 
82, -0.34407, -0.0210484, -0.299844, 0.686596, -0.78892, -0.612917, 
83, 0.767362, -0.467996, 0.658178, 0.880932, -1.92534, -1.17222, 
83, 0.127335, -0.473897, 0.266764, 0.897016, -1.06281, -1.06547, 
83, -0.338316, 0.100681, -0.657648, 1.00805, -0.62238, -1.02897, 
84, 0.776966, -0.456396, 0.236116, -2.20824, 1.70043, -4.69617, 
84, 0.138666, -0.336414, -0.157849, -1.93369, 1.04466, 1.60027, 
84, -0.379846, 0.112304, -0.826917, 1.46142, -0.583301, 4.7519, 
85, -0.329202, 0.370215, -1.37719, 2.16377, -0.795767, -2.38608, 
86, 0.792767, 0.380474, -1.64114, -1.97088, 1.48419, 6.70608, 
86, 0.150425, 0.242821, -1.49074, -1.27261, 1.22089, 6.71186, 
87, -0.179783, -0.131356, 0.218305, 0.575811, -1.30508, -0.435902, 
87, -0.531251, 0.689286, -1.4486, 1.0968, -0.444344, 5.3412, 
88, 0.431733, -0.232761, 0.710455, 0.828414, -1.90855, -0.664962, 
88, -0.175457, -0.133097, 0.0183212, 0.645049, -1.1133, -0.599116, 
89, 0.434205, -0.35193, 0.482589, 0.820071, -1.69929, -0.979901, 
89, -0.17034, -0.0772198, -0.251969, 0.871607, -0.917765, -0.918221, 
90, 0.439678, -0.344903, 0.168829, -2.24551, 1.48773, 1.86253, 
91, -0.16079, 0.305492, -1.18491, 1.59011, -0.80185, 4.36954, 
92, -0.15688, 0.446824, -1.54963, -1.21343, 0.937844, 0.731357, 
93, 0.464935, 0.246086, -1.45728, -1.79316, 1.36169, 6.80813, 
94, 0.00222377, -0.14773, 0.248484, 0.636256, -1.43301, -0.59316, 
94, -0.47185, 0.62003, -1.34208, 0.954248, -0.524726, -0.899556, 
95, 0.00537641, -0.148541, 0.0200978, 0.777234, -1.24551, -0.845251, 
95, -0.472132, 0.880818, -1.92253, 1.9541, -0.450777, 4.32184, 
96, 0.676429, -0.136079, 0.3054, 0.843417, -1.94936, -1.15845, 
96, 0.0102241, -0.0918062, -0.240196, 0.891113, -1.11639, -1.07139, 
97, 0.0164039, 0.0198064, -0.573983, -1.98111, 0.924676, 1.67749, 
98, 0.018695, 0.300437, -1.18549, 1.42439, -0.93562, 4.35808, 
99, 1.1541, 0.791726, -1.60969, -2.47085, 1.7469, 6.9813, 
99, 0.0231863, 0.617512, -1.84606, 1.69841, -1.04146, 3.81085, 
101, 0.180094, -0.129266, 0.204727, 0.752717, -1.54837, -0.812031, 
101, -0.414199, 0.812825, -1.73401, 1.33141, -0.556144, -1.36547, 
102, 0.186691, -0.131505, 0.00768893, 0.828581, -1.3408, -1.00418, 
102, -0.400374, 0.944168, -2.03183, 1.60255, -0.526949, -1.72874, 
103, 0.188235, -0.069904, -0.258885, 0.902767, -1.22378, -1.2145, 
104, 1.17975, 1.72318, -2.3847, 0.523057, -1.74377, -2.19708, 
104, 0.846529, 0.129496, -0.248546, -2.31719, 1.93086, 1.60467, 
104, 0.190194, 0.058641, -0.618638, 1.04565, -1.15918, -1.50267, 
105, 1.23825, 1.02261, -1.51969, 0.636034, -2.0071, 4.09385, 
105, 0.198025, 0.350354, -1.25252, 1.31095, -1.09435, 4.295, 
106, 0.864296, 0.82662, -1.93846, 0.886259, -1.39407, -2.42342, 
106, 0.20115, 0.395511, -1.42125, -1.70411, 1.12829, 0.902249, 
108, -1.17922, 1.34479, -0.373102, -1.9704, -2.0071, 6.73974, 
108, -0.934085, 1.11805, -0.0409441, -1.80859, -1.95438, 0.362626, 
108, -0.657176, 0.875437, 0.28322, -1.53735, -1.73605, 0.302245, 
108, -0.287008, 0.849774, 0.203773, -1.22845, -1.63512, 0.381426, 
109, -1.09501, 1.10511, 0.290314, -1.92295, -1.97837, 0.0730661, 
109, -0.783107, 1.02224, 0.343018, -1.54902, -1.84221, 0.117854, 
109, -0.481847, 0.874183, 0.35581, -1.25742, -1.72097, 0.22413, 
109, -0.197865, 0.841098, 0.221213, -1.01487, -1.55936, 0.323624, 
110, -0.895227, 1.06519, 0.540064, -1.52908, -1.90008, -0.139751, 
110, -0.572003, 0.838981, 0.608352, -1.08827, -1.89004, 0.0591743, 
110, -0.298788, 0.853337, 0.461629, -0.855289, -1.7234, 0.112168, 
110, -0.100304, 0.830477, 0.249228, -0.664634, -1.49627, 0.211096, 
111, -0.223807, 0.93239, 0.696037, -0.424645, -2.00452, -0.0508455, 
111, -0.0513278, 0.683469, 0.593974, -0.193619, -1.67314, 0.0481949, 
111, 0.0250682, 0.744034, 0.375235, -0.139046, -1.50456, 0.061301, 
112, 0.162721, 0.944455, 0.701536, 0.167589, -2.0071, 0.00998971, 
112, 0.110769, 0.681776, 0.593914, 0.0861403, -1.67283, -0.0385935, 
112, 0.094413, 0.748349, 0.369824, 0.0769942, -1.51399, -0.0554436, 
113, 0.772185, 1.19479, 0.612658, 1.07928, -2.0071, 0.280577, 
113, 0.510762, 0.92108, 0.617478, 0.68589, -1.93804, -0.00500551, 
113, 0.248853, 0.673121, 0.553248, 0.33649, -1.68805, -0.149302, 
113, 0.158301, 0.745054, 0.358529, 0.287662, -1.52832, -0.17399, 
114, 1.0476, 1.1338, 0.341088, 1.63459, -1.95443, -0.0116927, 
114, 0.824873, 0.812612, 0.519515, 1.27857, -1.83857, -0.17763, 
114, 0.517867, 0.888718, 0.361379, 1.05406, -1.74024, -0.207024, 
114, 0.302055, 0.860932, 0.187327, 0.846486, -1.53786, -0.302917, 
115, 1.1259, 1.24787, -0.179843, 1.86369, -2.0071, -0.357928, 
115, 0.934144, 1.07026, 0.0436184, 1.68565, -1.8885, -0.351556, 
115, 0.688538, 0.9129, 0.242192, 1.41774, -1.73946, -0.32008, 
115, 0.400009, 0.877018, 0.152458, 1.18338, -1.62709, -0.404715, 
116, 0.991039, 1.28048, -0.263509, 1.82575, -2.0071, -6.69879, 
116, 0.734152, 1.03488, -0.0391563, 1.61492, -1.87613, -0.464721, 
116, 0.494052, 0.876475, 0.156336, 1.38411, -1.71921, -0.45326, 
117, -0.602298, 0.341453, 0.332421, -0.985741, -1.98148, 0.622694, 
117, -0.239417, 0.232673, 0.0840006, -0.691121, -1.54433, 0.636671, 
118, -0.592534, 0.233332, 0.229834, -1.00897, -1.85252, 0.840049, 
118, -0.24966, 0.18215, -0.0287294, -0.905568, -1.37639, 0.904564, 
119, -0.600398, 0.132731, 0.11243, -1.14308, -1.6833, 1.12468, 
119, -0.255864, 0.168658, -0.130511, -1.10335, -1.2922, 1.15518, 
121, -0.370638, 0.255214, 0.514385, -0.645287, -1.90498, 0.451529, 
121, -0.16134, 0.19191, 0.10069, -0.597985, -1.44252, 0.552987, 
122, -0.770757, 0.330764, 0.490663, -1.09068, -2.0071, 0.569263, 
122, -0.452417, 0.0946391, 0.390959, -0.858213, -1.66105, 0.70638, 
122, -0.171575, 0.150454, 0.0419648, -0.686503, -1.27304, 0.670416, 
123, -1.08793, 0.331203, 0.332976, 1.73343, 2.0071, 3.92515, 
123, -0.782831, 0.0616092, 0.409834, -1.14242, -1.83388, 0.941693, 
123, -0.461983, -0.00715299, 0.265913, -1.01525, -1.46802, 0.978609, 
123, -0.180747, 0.115523, -0.0646325, -1.03447, -1.02829, 1.05455, 
124, -1.09009, 0.0888013, 0.140702, 1.74766, 2.00221, 4.45437, 
124, -0.788744, -0.0617522, 0.191642, 1.80362, 1.6879, -1.79347, 
124, -0.185661, 0.121318, -0.196769, -1.32668, -1.01623, 1.40164, 
125, -0.25352, 0.171009, 0.573296, -0.48871, -1.83508, 0.329001, 
125, -0.0781782, 0.168388, 0.116626, -0.421493, -1.35685, 0.37935, 
126, -0.510948, 0.178664, 0.800156, -0.680966, -2.0071, 0.388982, 
126, -0.268854, 0.00753878, 0.508648, -0.555697, -1.51615, 0.469018, 
126, -0.0831714, 0.124195, 0.0546627, -0.518206, -1.14662, 0.501236, 
127, -0.879845, -0.0962258, 0.81403, -1.05152, -1.8716, 0.720875, 
127, -0.559392, -0.224244, 0.682556, -0.885509, -1.44507, 0.77644, 
127, -0.28553, -0.11956, 0.399111, -0.664095, -1.16924, 0.648585, 
127, -0.08921, 0.0888545, -0.0227591, -0.668647, -0.896092, 0.677088, 
128, -0.095763, 0.0790146, -0.144587, -1.1665, -0.693671, 1.20546, 
129, -0.146989, 0.221282, 0.63841, -0.267319, -1.8685, 0.192206, 
129, -0.00104002, 0.147446, 0.146594, -0.196151, -1.30129, 0.154143, 
130, -0.218784, -0.00624814, 0.91941, -0.350749, -1.84633, 0.192296, 
130, -0.115656, -0.0626911, 0.585434, -0.283492, -1.39398, 0.24019, 
130, 0.149147, 0.0421053, 0.154986, 5.21099e-17, -1.07024, 5.21099e-17, 
131, -0.258323, -0.478527, 0.872522, -0.417393, -1.06441, 0.428405, 
131, -0.0931447, -0.211619, 0.467422, -0.333155, -0.925078, 0.321612, 
131, 0.137649, 0.0421053, 0.0330344, 1.93629e-17, -0.74566, 1.93629e-17, 
132, -0.466948, -0.887997, 0.838113, -1.05123, -0.703272, 1.16137, 
132, -0.226763, -0.559738, 0.582838, -0.775994, -0.571142, 0.817005, 
132, -0.0827074, -0.270997, 0.284416, -0.629294, -0.389643, 0.639299, 
132, 0.120381, 0.0421053, -0.0987933, 1.37184e-17, -0.320038, 1.37184e-17, 
133, 0.150586, 0.259197, 0.612049, 0.0770648, -1.89857, -0.116967, 
133, 0.0391774, 0.0421053, 0.271688, 4.6783e-17, -1.34111, 4.6783e-17, 
134, 0.172306, -0.135888, 0.9599, 0.053971, -1.79634, -0.156869, 
134, 0.0391774, -0.263158, 0.762365, 5.95079e-17, -1.39188, 5.95079e-17, 
134, 0.0391774, 0.0421053, 0.157101, 3.63662e-17, -1.09188, 3.63662e-17, 
135, 0.0391774, -0.568421, 0.9599, 5.89396e-17, -1.16873, 5.89396e-17, 
135, 0.0391774, -0.263158, 0.540553, 4.12032e-17, -0.968732, 4.12032e-17, 
135, 0.0391774, 0.0421053, 0.0352896, 2.34668e-17, -0.768732, 2.34668e-17, 
136, 0.232316, -0.990103, 0.877392, 0.798201, -0.336749, -0.859268, 
136, 0.0391774, -0.568421, 0.713425, 3.15947e-17, -0.537344, 3.15947e-17, 
136, 0.0391774, -0.263158, 0.308161, 1.92636e-17, -0.437344, 1.92636e-17, 
136, 0.0391774, 0.0421053, -0.0971017, 6.9325e-18, -0.337344, 6.9325e-18, 
137, 0.303668, 0.18697, 0.554778, 0.334895, -1.82478, -0.303718, 
137, 0.210484, 0.136834, 0.157827, 0.310978, -1.30602, -0.359659, 
138, 0.478079, 0.135119, 0.805111, 0.492237, -1.96635, -0.344023, 
138, 0.312181, 0.0162091, 0.49305, 0.385092, -1.47742, -0.394196, 
138, 0.204776, 0.087191, 0.0971827, 0.381943, -1.05793, -0.435245, 
139, 0.763622, -0.298526, 0.9599, 0.751532, -1.65459, -0.634957, 
139, 0.490508, -0.25671, 0.732251, 0.532127, -1.32225, -0.554741, 
139, 0.318941, -0.113652, 0.385274, 0.488694, -1.07443, -0.532796, 
139, 0.191907, 0.107752, -0.0414913, 0.46472, -0.837098, -0.519941, 
140, 0.771485, -0.604219, 0.715512, 1.06258, -1.02406, -1.16476, 
140, 0.512143, -0.42496, 0.498312, 0.994888, -0.737753, -1.07002, 
140, 0.323995, -0.180123, 0.209623, 0.87885, -0.633252, -0.93458, 
140, 0.193322, 0.084219, -0.143456, 0.68116, -0.466935, -0.730027, 
141, 0.431327, 0.252231, 0.483735, 0.531314, -1.89116, -0.477183, 
141, 0.268112, 0.225457, 0.0598134, 0.494287, -1.43637, -0.539243, 
142, 0.754902, 0.264077, 0.572694, 0.904155, -1.9696, -0.526717, 
142, 0.458353, 0.132149, 0.40689, 0.597978, -1.60326, -0.574513, 
142, 0.275488, 0.183063, 0.000341219, 0.590947, -1.24643, -0.649326, 
143, 1.03173, 0.16338, 0.57059, 1.08014, -1.97642, -0.758368, 
143, 0.756221, 0.00758961, 0.475208, 0.948149, -1.65154, -0.855794, 
143, 0.499555, 0.00354759, 0.262025, 0.879717, -1.29686, -0.898607, 
143, 0.283814, 0.153124, -0.100093, 0.841747, -1.02052, -0.913647, 
144, 0.770979, -0.136553, 0.266699, -1.88929, 1.34929, 1.84185, 
144, 0.511198, -0.0458487, 0.0980531, 1.20553, -1.09162, -1.28037, 
144, 0.291848, 0.145607, -0.218031, -1.91071, 0.885113, 1.82402, 
145, 0.635627, 0.39315, 0.276991, 0.849098, -1.97644, -0.635892, 
145, 0.340965, 0.277097, 0.027263, 0.627087, -1.54231, -0.661753, 
146, 0.901271, 0.522785, 0.228466, 1.13943, -2.0071, -0.676504, 
146, 0.637485, 0.236027, 0.226219, 0.959847, -1.71935, -0.831826, 
146, 0.356246, 0.233957, -0.0835803, 0.828014, -1.3744, -0.89476, 
147, 0.928564, 0.297508, 0.143012, 1.17353, -1.94213, -1.01956, 
147, 0.638208, 0.166022, 0.0793298, 1.07701, -1.60106, -1.08992, 
147, 0.366244, 0.213345, -0.17379, 0.995488, -1.26239, -1.08742, 
148, 1.17028, 0.376319, -0.186233, -1.74421, 2.0071, 1.77728, 
149, 0.731329, 0.548368, 0.0515256, 0.960226, -2.0071, -0.769808, 
149, 0.419099, 0.319603, -0.0813856, 0.809253, -1.61457, -0.860854, 
150, 0.743079, 0.422566, -0.00449137, 1.03433, -1.94115, -0.933193, 
150, 0.429651, 0.278968, -0.14209, 0.976187, -1.44007, -1.02899, 
151, 0.748137, 0.343311, -0.138118, -1.97538, 1.82078, -4.34943, 
151, 0.437762, 0.278792, -0.254884, 1.15872, -1.46153, -1.27088, 
153, -0.570208, 0.0973397, -0.00654447, -0.57847, -1.64228, 0.938046, 
153, -0.229327, 0.62884, -1.46467, -0.857799, -0.676064, 1.29236, 
154, -0.908688, 0.354782, 0.102469, -0.722518, -2.0071, 1.00756, 
154, -0.577149, 0.0938398, -0.201782, -0.665754, -1.42921, 1.10713, 
154, -0.228366, 0.783702, -1.7983, 2.21202, 0.671924, -1.64516, 
155, -0.915052, 0.2354, -0.0707638, -0.730283, -1.91173, 1.23959, 
155, -0.579101, 0.168182, -0.49969, -0.738994, -1.32655, 1.31167, 
155, -0.236265, 0.561914, -1.45756, -1.04935, -0.763579, -4.67812, 
156, -0.588586, 0.301253, -0.880188, -0.926731, -1.20067, 1.61572, 
157, -0.591722, 0.942526, -2.15581, 1.8762, 0.966741, -6.9813, 
158, -1.19327, 0.918701, -1.76878, -0.778396, -1.61597, 2.35451, 
158, -0.939029, 0.737375, -1.73609, 2.0992, 1.44498, -6.9813, 
160, -0.413726, -0.0191715, 0.150774, -0.42982, -1.54608, 0.689973, 
160, -0.145513, 0.483514, -1.21787, -0.622433, -0.67982, 0.926023, 
161, -0.759409, 0.0497155, 0.462414, -0.666901, -1.97827, 0.795399, 
161, -0.419639, -0.0309919, -0.0360836, -0.445385, -1.33803, 0.780153, 
161, -0.146026, 0.713967, -1.69683, -0.871938, -0.512482, 1.2413, 
162, -0.75564, -0.0519333, 0.243851, -0.647207, -1.75973, 1.03358, 
162, -0.438032, 0.0195154, -0.329705, -0.705664, -1.10682, 1.11555, 
162, -0.159492, 0.59287, -1.52684, 2.00762, 0.559556, -1.63239, 
163, -1.06666, 0.116561, 0.185937, -0.74088, -2.0071, 1.29761, 
163, -0.766797, -0.0789108, -0.0339328, -0.761725, -1.44303, 1.3021, 
164, -1.07807, 0.0530775, -0.177517, 2.31294, 1.76018, 4.72637, 
164, -0.450522, 0.880729, -2.13456, 1.58586, 0.808828, -6.9813, 
165, -0.781248, 0.590275, -1.6451, 1.87829, 1.17149, -6.9813, 
165, -0.460802, 0.571097, -1.71199, 1.6231, 0.951155, -6.9813, 
167, -0.255575, -0.11503, 0.217266, -0.330992, -1.42374, 0.488473, 
167, -0.0677671, 0.481731, -1.22604, -0.526472, -0.577721, 0.705432, 
168, -0.487865, -0.134866, 0.686872, -0.404003, -1.88787, 0.553691, 
168, -0.259618, -0.119982, 0.0200986, -0.392941, -1.20106, 0.599448, 
168, -0.0691087, 0.767642, -1.80361, -1.07429, -0.339121, 1.30636, 
169, -0.503784, -0.294458, 0.497629, -0.420582, -1.51378, 0.687116, 
169, -0.263056, -0.0769187, -0.225672, -0.472365, -0.971792, 0.731766, 
169, -0.0746421, 0.53163, -1.44743, -0.999184, -0.41179, 1.24273, 
170, -0.856937, -0.367887, 0.608589, -0.663639, -1.72321, 1.03798, 
170, -0.53573, -0.318004, 0.16865, -0.652711, -1.18521, 1.02592, 
170, -0.273379, 0.0322585, -0.565524, -0.823966, -0.709782, 1.14073, 
171, -0.54607, -0.20911, -0.240932, -0.887206, -0.975685, 1.36164, 
172, -0.286691, 0.453673, -1.55893, 1.13952, 0.697852, -0.630254, 
173, -0.895365, 0.464743, -1.73179, 1.59154, 1.19987, -6.70458, 
174, 0.0840722, -0.263158, 0.398823, 9.60725e-18, -1.36488, 9.60725e-18, 
174, -0.00587587, 0.380509, -1.03081, -0.217444, -0.576448, 0.270075, 
175, -0.253767, -0.355876, 0.842627, -0.203774, -1.66378, 0.328953, 
175, -0.0851548, -0.18735, 0.0780279, -0.203433, -1.06605, 0.269335, 
175, -0.0166388, 0.483291, -1.27067, -0.320571, -0.386532, 0.395341, 
176, -0.236586, -0.547007, 0.629403, -0.283122, -1.18917, 0.383808, 
176, -0.0939989, -0.144817, -0.16349, -0.286235, -0.796935, 0.381942, 
176, -0.0319102, 0.618568, -1.56331, -0.566642, -0.158962, 0.669336, 
177, -0.439564, -0.803583, 0.865086, -0.430921, -1.23574, 0.683048, 
177, -0.230694, -0.532365, 0.316895, -0.391565, -0.794859, 0.536818, 
177, -0.113954, -0.053132, -0.458611, -0.501019, -0.497046, 0.635705, 
178, -0.453623, -0.741643, 0.426244, -0.642754, -0.82037, 0.964086, 
178, -0.219203, -0.356506, -0.124527, -0.600639, -0.551354, 0.801568, 
178, -0.0811637, 0.172093, -0.976272, -0.722344, -0.222206, 0.872308, 
179, -0.224825, -0.113496, -0.705991, -1.69761, -0.223326, -4.34663, 
179, -0.0827773, 0.720976, -2.06435, 3.4906, -0.714394, -3.40489, 
180, -0.347142, -0.0371562, -1.12644, 0.747065, 0.863275, -0.404687, 
180, -0.226827, 0.392438, -1.74591, 0.421113, 0.946891, -0.0387061, 
181, 0.0391774, -0.263158, 0.399815, 5.07537e-17, -1.37503, 5.07537e-17, 
181, 0.110145, 0.393693, -1.04397, 0.0575187, -0.588094, -0.149019, 
182, 0.171446, -0.317945, 0.822692, 0.0444123, -1.69266, -0.159119, 
182, 0.0391774, -0.263158, 0.194347, 3.80644e-17, -1.11909, 3.80644e-17, 
182, 0.114381, 0.498326, -1.2855, 0.0861422, -0.400724, -0.180893, 
183, 0.0391774, -0.568421, 0.792316, 5.87001e-17, -1.34447, 5.87001e-17, 
183, 0.0391774, -0.263158, -0.0129469, 2.47478e-17, -0.844466, 2.47478e-17, 
183, 0.119992, 0.635601, -1.57977, 0.154628, -0.176405, -0.253579, 
184, 0.209502, -0.942186, 0.914695, 0.0711396, -0.999856, -0.213786, 
184, 0.0391774, -0.568421, 0.482214, 3.90133e-17, -0.941112, 3.90133e-17, 
184, 0.0391774, -0.263158, -0.223049, 1.04663e-17, -0.541112, 1.04663e-17, 
185, 0.211262, -0.881775, 0.478612, 0.186223, -0.489514, -0.295344, 
185, 0.0391774, -0.568421, 0.167628, 1.77858e-17, -0.491884, 1.77858e-17, 
185, 0.151562, 0.119093, -0.841926, 0.498559, -0.169844, -0.607438, 
186, 0.180358, 0.347038, -1.32405, -0.606194, 0.285671, 0.475065, 
187, 0.228053, 0.0176357, -1.26699, -0.304587, 0.856298, 0.12495, 
187, 0.162497, 0.217128, -1.42919, -0.160594, 0.783751, -0.0235757, 
188, 0.336371, -0.169068, 0.265917, 0.250177, -1.32863, -0.461409, 
188, 0.226432, 0.375855, -1.02582, 0.337253, -0.580443, -0.572103, 
189, 0.464406, -0.185769, 0.704706, 0.293322, -1.80319, -0.4839, 
189, 0.336544, -0.17935, 0.0718416, 0.311367, -1.07177, -0.549693, 
189, 0.245684, 0.476376, -1.26326, 0.501837, -0.390933, -0.765231, 
190, 0.729806, -0.196697, 0.953584, 0.489944, -2.0071, -0.590562, 
190, 0.47228, -0.340249, 0.506561, 0.335887, -1.40807, -0.602541, 
190, 0.306037, -0.0597611, -0.244345, 0.358835, -0.913402, -0.615511, 
190, 0.172164, 0.593759, -1.5187, -2.12787, 0.337352, -4.36025, 
191, 0.697728, -0.519448, 0.761232, 0.391269, -1.51947, -0.786623, 
191, 0.481093, -0.354098, 0.209593, 0.426177, -1.05623, -0.755293, 
191, 0.308541, 0.038537, -0.564017, 0.496764, -0.63618, -0.788891, 
192, 0.751237, -0.555952, 0.32851, 0.741699, -0.922771, -1.21181, 
192, 0.49768, -0.252051, -0.199173, 0.852257, -0.666301, -1.23011, 
192, 0.315341, 0.207394, -0.996372, -2.03068, 0.428548, 1.68305, 
193, 0.448142, -0.158531, -0.580966, 1.34863, -0.527852, 4.61722, 
193, 0.318149, 0.354217, -1.35404, 2.07827, -0.471944, -2.40501, 
194, 0.83555, 0.197531, -1.41457, -1.21328, 1.07964, 6.64107, 
194, 0.511301, 0.295493, -1.47899, -0.851633, 0.914889, 0.403182, 
195, 0.454929, 0.00426935, 0.117091, 0.353073, -1.50334, -0.659448, 
195, 0.254502, 0.550698, -1.3141, 0.559686, -0.629762, -0.910137, 
196, 0.725311, 0.0411295, 0.479436, 0.515702, -1.94154, -0.746667, 
196, 0.459055, -0.00469622, -0.0736847, 0.395349, -1.28802, -0.754851, 
196, 0.254578, 0.84411, -1.90639, 1.07165, -0.416776, -1.48202, 
197, 0.730489, -0.107125, 0.299806, 0.565258, -1.61007, -0.941571, 
197, 0.475532, 0.0498036, -0.35975, 0.576686, -1.07162, -0.991736, 
197, 0.268334, 0.678072, -1.66413, 1.09912, -0.479228, -1.5703, 
198, 1.017, -0.0697309, 0.388018, 0.640527, -1.86045, -1.03521, 
198, 0.735194, -0.114958, 5.8441e-05, 0.644951, -1.36176, -1.15198, 
198, 0.482928, 0.162275, -0.704702, 0.683621, -0.835377, -1.16832, 
199, 1.02112, -0.124503, 0.00117826, 0.805715, -1.48189, -1.45472, 
199, 0.744444, -0.0111914, -0.422804, 0.884968, -1.12625, -1.49955, 
199, 0.490236, 0.668471, -1.73727, -1.73804, 0.694104, 1.05582, 
200, 0.499505, 0.59411, -1.73777, -1.48106, 0.747104, 6.9813, 
201, 1.0404, 0.421903, -1.4924, -1.80823, 1.31808, 6.904, 
202, 0.567332, 0.13671, 0.0239282, 0.386888, -1.60482, -0.787151, 
202, 0.33545, 0.833667, -1.79819, 0.829596, -0.573683, -1.34163, 
203, 0.888158, 0.314946, 0.162058, 0.630535, -2.0071, -0.950843, 
203, 0.611215, 0.137626, -0.248217, 0.57571, -1.40578, -1.05276, 
203, 0.338474, 0.521919, -1.28881, 0.722182, -0.74492, -1.21605, 
204, 0.896826, 0.190063, -0.00240921, 0.628002, -1.81808, -1.12918, 
204, 0.615552, 0.203311, -0.532841, 0.654318, -1.25285, -1.22784, 
204, 0.343699, 0.617448, -1.55472, 0.912408, -0.662681, -1.49697, 
205, 1.15231, 0.38331, -0.150666, -2.38759, 2.0071, 1.80159, 
205, 0.625494, 0.310485, -0.865675, -2.28689, 1.06475, 1.60501, 
206, 0.630986, 0.940299, -2.11768, -1.77852, 0.884177, 6.9813, 
207, 0.917747, 0.906419, -2.06009, -2.01576, 1.17672, 6.96644, 
209, 0.725806, 0.283518, -0.218765, 0.603799, -1.6653, -1.08216, 
209, 0.404888, 0.944099, -1.96666, 0.869783, -0.644126, -1.52227, 
210, 1.01029, 0.606844, -0.247664, 0.673132, -2.0071, -1.17425, 
210, 0.724906, 0.322896, -0.471467, 0.615081, -1.55261, -1.23738, 
210, 0.38695, 0.667296, -1.54111, 0.770444, -0.838496, -1.46052, 
211, 1.02864, 0.479487, -0.320686, 0.603854, -2.00277, -1.35511, 
211, 0.738622, 0.372924, -0.721963, 0.672644, -1.42317, -1.40277, 
212, 1.01839, 0.541135, -0.773598, 0.733566, -1.74719, -1.62633, 
212, 0.734824, 0.797925, -1.64372, 0.909455, -1.0616, 4.39774, 
213, 1.24153, 0.980508, -1.43052, -2.47755, 1.77304, 1.1542, 
213, 0.71782, 0.720547, -1.68995, 1.05789, -1.16225, -2.12559, 
216, -0.715137, 0.988173, 0.331572, -1.9405, -1.88934, 0.076368, 
216, 0.0232369, 0.838089, 0.456273, -1.1886, -1.69232, 0.106624, 
216, 0.518625, 1.00068, -0.123332, -0.759526, -1.25232, 0.28571, 
217, -1.08961, 1.13635, 0.214716, -2.29241, -2.0071, -0.00501363, 
217, -0.502385, 1.00117, 0.532468, -1.73511, -1.78896, -0.149408, 
217, 0.202761, 0.848923, 0.438398, -0.997547, -1.64299, 0.0940723, 
217, 0.568889, 1.03725, -0.199754, -0.681302, -1.17869, 0.265577, 
218, -0.868634, 1.08241, 0.462671, -2.03241, -1.80856, -0.131531, 
218, -0.185527, 0.927589, 0.645529, -1.34593, -1.79689, -0.139245, 
218, 0.366778, 0.87442, 0.385121, -0.796498, -1.58523, 0.0988343, 
218, 0.615887, 1.07808, -0.283222, -0.592453, -1.101, 0.233226, 
219, -0.528356, 1.23095, 0.760975, -1.76713, -1.76467, -0.573952, 
219, 0.161775, 0.877127, 0.678346, -0.898312, -1.82701, -0.0761721, 
219, 0.509384, 0.923537, 0.285022, -0.597046, -1.49859, 0.0894446, 
219, 0.660761, 1.12446, -0.374843, -0.483235, -1.02161, 0.180613, 
220, 0.488668, 1.10572, 0.574092, -0.659112, -1.95942, -0.227224, 
220, 0.626343, 0.996362, 0.150096, -0.390344, -1.4036, 0.0411192, 
220, 0.706348, 1.17943, -0.477827, -0.334972, -0.947737, 0.0925336, 
221, 0.645887, 1.08374, 0.6849, -0.255106, -2.0071, -0.167464, 
221, 0.730586, 0.984584, 0.385535, -0.134538, -1.62615, -0.0828265, 
221, 0.734568, 1.09599, -0.0168468, -0.132307, -1.33369, -0.0684308, 
221, 0.761407, 1.24881, -0.598319, -0.108734, -0.900692, -0.0602364, 
222, 1.01993, 0.86782, 0.565496, 0.346956, -1.76395, -0.201137, 
222, 0.887036, 0.998116, 0.13961, 0.236938, -1.47146, -0.282553, 
222, 0.851014, 1.13795, -0.272647, 0.259864, -1.19889, -0.310563, 
222, 0.861883, 1.33175, -0.736355, 0.282164, -0.930168, -0.323746, 
223, 1.18736, 1.21146, -0.0757025, 0.899395, -1.68027, -0.394985, 
223, 1.12897, 1.22958, -0.215383, 0.834752, -1.53803, -0.425095, 
223, 0.958185, 1.37013, -0.723461, 0.745093, -1.25286, -0.663227, 
223, 0.875613, 1.56217, -1.20858, 0.782103, -0.990619, -0.8414, 
224, 1.21092, 1.46475, -0.685482, -2.10627, 1.66381, 2.37422, 
224, 1.01339, 1.54299, -1.03733, 0.931437, -1.31327, -0.859947, 
224, 0.929888, 1.48166, -1.0714, 0.839545, -1.18888, -0.85653, 
225, 0.0838817, 0.160114, 0.599949, -0.793985, -1.74973, 0.286095, 
225, 0.562445, 0.475237, -0.290392, -0.637764, -1.06124, 0.349824, 
226, 0.0386596, -0.0239847, 0.499188, -0.946952, -1.5361, 0.590658, 
226, 0.560663, 0.448365, -0.359242, -0.748537, -0.920519, 0.531212, 
227, -0.714401, -0.0078029, 0.460614, 1.78267, 2.0071, -2.17708, 
227, 0.0328904, -0.127674, 0.369432, -1.08615, -1.36803, 0.907676, 
227, 0.55136, 0.45565, -0.490873, -1.03134, -0.767839, 0.897287, 
228, 0.0228803, -0.178647, 0.200227, 1.92087, 1.23027, -1.93208, 
228, 0.547927, 0.460035, -0.610482, -1.40805, -0.680364, 1.38423, 
229, 0.242516, 0.160304, 0.561943, -0.696882, -1.64575, 0.225425, 
229, 0.61469, 0.543524, -0.387109, -0.576714, -0.995845, 0.284398, 
230, -0.500241, 0.105274, 0.765759, -1.30365, -2.0071, 0.432332, 
230, 0.227232, 0.0126046, 0.488082, -0.753594, -1.3991, 0.421442, 
230, 0.613345, 0.518919, -0.458727, -0.706437, -0.842939, 0.484782, 
231, 0.209386, -0.104759, 0.348425, -1.01501, -1.14749, 0.818525, 
231, 0.611514, 0.501793, -0.543689, -0.86754, -0.682408, 0.734331, 
232, 0.203823, -0.143803, 0.162683, 1.83532, 1.04827, -1.87737, 
232, 0.601961, 0.547673, -0.737887, 1.72432, 0.616285, -1.74781, 
233, 0.396596, 0.215574, 0.487646, -0.565204, -1.55936, 0.125646, 
233, 0.664119, 0.620622, -0.498485, -0.496708, -0.930918, 0.198267, 
234, -0.17378, -0.0135381, 0.88201, -1.04076, -1.86134, 0.331929, 
234, 0.389656, 0.0705901, 0.409974, -0.651592, -1.27662, 0.328039, 
234, 0.663027, 0.598699, -0.573538, -0.638416, -0.760669, 0.411149, 
235, -0.183439, -0.369315, 0.774644, -1.10812, -1.54904, 0.836691, 
235, 0.381396, -0.0368992, 0.295279, -0.758474, -0.996149, 0.566136, 
235, 0.661779, 0.586582, -0.666047, -0.899211, -0.591565, 0.761347, 
237, 0.18049, 0.512589, 0.810018, -0.793055, -2.0071, -0.217894, 
237, 0.539431, 0.301503, 0.385062, -0.407316, -1.49561, 0.000939915, 
237, 0.626172, 0.676817, -0.419554, -0.393499, -1.00389, 0.0665391, 
238, 0.179853, -0.0154991, 0.904767, -0.706203, -1.70938, 0.179109, 
238, 0.534523, 0.169167, 0.2969, -0.500187, -1.18033, 0.186239, 
238, 0.710203, 0.689825, -0.707909, -0.527239, -0.675216, 0.290488, 
239, 0.16573, -0.383416, 0.783204, -0.900174, -1.21747, 0.649035, 
239, 0.530853, 0.0684321, 0.180866, -0.673205, -0.865441, 0.474636, 
239, 0.709302, 0.683812, -0.810276, -0.860834, -0.478319, 0.71516, 
240, 0.158541, -0.497467, 0.527622, -1.29448, -0.971245, 1.25595, 
240, 0.524102, 0.0295972, -0.00374805, -1.19166, -0.61071, 1.11376, 
240, 0.702158, 0.781384, -1.08933, 1.37133, 0.406607, -1.40062, 
241, 0.509259, 0.58799, 0.693276, -0.384122, -2.0071, -0.263734, 
241, 0.666571, 0.395864, 0.269201, -0.231436, -1.46085, -0.148948, 
241, 0.755901, 0.809052, -0.781817, -0.244315, -0.818526, -0.0843797, 
242, 0.0955984, 0.346963, 0.9599, -0.84388, -2.0071, -0.256171, 
242, 0.497567, 0.0840131, 0.774961, -0.397676, -1.55411, -0.0275537, 
242, 0.662522, 0.292014, 0.152644, -0.302425, -1.11558, -0.000881602, 
242, 0.755453, 0.796122, -0.868914, -0.34636, -0.595026, 0.0906682, 
243, 0.485582, -0.244862, 0.684168, -0.547376, -1.01359, 0.308973, 
243, 0.595596, 0.227212, 0.102708, -0.519721, -0.792511, 0.321342, 
243, 0.754873, 0.798314, -0.984982, -0.659407, -0.343776, 0.497002, 
244, 0.478886, -0.372599, 0.445583, -1.07086, -0.578587, 0.986722, 
244, 0.657312, 0.155435, -0.137472, -0.81509, -0.39356, 0.734075, 
244, 0.754087, 0.824478, -1.14458, -1.99987, -0.267524, 1.93881, 
245, 0.704288, 0.424287, 0.600001, -0.117729, -1.87486, -0.282869, 
245, 0.769191, 0.475406, 0.167057, -0.059277, -1.47515, -0.33216, 
245, 0.797999, 0.924828, -0.964087, -0.0591544, -0.793666, -0.308262, 
246, 0.656612, 0.417649, 0.9599, -0.165305, -2.0071, -0.291525, 
246, 0.729752, 0.209656, 0.596863, -0.0788882, -1.50044, -0.216762, 
246, 0.774006, 0.423345, -0.0140284, -0.0622264, -1.09968, -0.24472, 
246, 0.799011, 0.92257, -1.06609, -0.0729121, -0.54644, -0.223226, 
247, 0.652895, -0.426731, 0.9599, -0.190507, -1.12469, -0.0545672, 
247, 0.733949, -0.0259254, 0.501574, -0.117129, -0.974578, -0.104795, 
247, 0.773817, 0.353752, -0.149565, -0.0992617, -0.700716, -0.112977, 
247, 0.799578, 0.938568, -1.20479, -0.15662, -0.230672, -0.0464762, 
248, 0.643117, -0.661988, 0.738616, -0.449067, -0.341891, 0.350742, 
248, 0.720788, -0.0834397, 0.297063, -0.356407, -0.473258, 0.24777, 
248, 0.739547, 0.346387, -0.218256, -0.403722, -0.382708, 0.301606, 
248, 0.796672, 0.933121, -1.29219, 0.670326, 0.124091, -0.736986, 
249, 0.955702, 0.845856, 0.250126, 0.177125, -1.99804, -0.546894, 
249, 0.874307, 0.764794, -0.260099, 0.136312, -1.4356, -0.517848, 
249, 0.834643, 1.04838, -1.16492, 0.143413, -0.817081, -0.584214, 
250, 0.98379, 0.581319, 0.61247, 0.278779, -1.98818, -0.392003, 
250, 0.92008, 0.524077, 0.240874, 0.211661, -1.56384, -0.477243, 
250, 0.860943, 0.537605, -0.173297, 0.174453, -1.16755, -0.543618, 
250, 0.838518, 1.06455, -1.29378, 0.254712, -0.58033, -0.634724, 
251, 0.915625, 0.0399758, 0.693206, 0.256419, -1.42469, -0.42134, 
251, 0.908328, 0.150706, 0.330208, 0.278444, -1.1143, -0.567241, 
251, 0.870637, 0.510304, -0.35604, 0.338798, -0.784507, -0.611323, 
251, 0.842528, 1.10415, -1.4698, 0.576734, -0.292363, -0.879083, 
252, 0.986466, -0.285306, 0.492797, 0.626721, -0.611501, -0.800982, 
252, 0.919474, 0.0866847, 0.0475565, 0.647824, -0.518186, -0.822699, 
252, 0.873847, 0.498545, -0.561258, 0.814567, -0.363736, -0.98492, 
252, 0.850976, 0.976783, -1.37067, 1.78381, -0.279884, -1.9836, 
253, 1.03541, 1.0344, -0.244342, 0.369175, -1.86859, -0.671005, 
253, 0.987663, 0.9097, -0.474786, 0.332001, -1.50422, -0.691007, 
253, 0.860692, 1.15175, -1.33559, 0.311732, -0.902682, -0.872638, 
254, 1.11937, 0.841935, 0.11169, 0.518085, -1.94703, -0.631495, 
254, 1.02752, 0.768812, -0.175762, 0.437987, -1.58793, -0.727981, 
254, 0.955116, 0.873507, -0.647603, 0.421027, -1.22107, -0.800078, 
254, 0.867168, 1.18408, -1.48675, 0.503399, -0.716312, -1.02197, 
255, 1.14607, 0.471061, 0.148072, 0.658551, -1.52941, -0.780516, 
255, 1.06631, 0.585327, -0.173783, 0.62703, -1.31017, -0.816007, 
255, 0.958378, 0.831712, -0.806402, 0.67686, -0.944798, -1.00646, 
255, 0.874255, 1.22716, -1.66216, 0.965226, -0.577304, -1.433, 
256, 1.16343, 0.260873, -0.0433496, 1.02993, -1.1182, -1.15112, 
256, 1.05609, 0.461922, -0.329587, 0.873287, -0.989335, -1.04957, 
256, 0.964947, 0.892026, -1.14416, 1.29135, -0.711822, -1.57887, 
257, 1.12522, 1.33447, -0.80487, 0.50199, -1.80302, -0.926171, 
257, 0.988191, 1.22137, -1.03473, 0.450381, -1.45681, -1.00395, 
257, 0.914276, 1.28145, -1.47794, 3.4906, 1.05875, -4.17476, 
258, 1.14259, 1.06331, -0.660116, 0.616582, -1.63659, -0.992067, 
258, 1.04169, 1.06977, -0.922366, 0.578317, -1.34057, -1.00353, 
259, 1.27145, 0.886559, -0.456183, 0.829739, -1.6153, -1.04586, 
259, 1.11065, 0.901271, -0.736848, 0.788464, -1.35062, -1.1678, 
259, 1.03048, 1.0941, -1.18808, 0.83305, -1.06842, -1.25808, 
260, 1.1373, 1.00272, -1.21732, 1.2916, -1.09283, -1.64523, 
260, 1.03262, 1.39984, -1.98551, 1.5036, -0.935937, -2.01958, 
261, 0.0537598, -0.14385, 0.242319, -0.659613, -1.41256, 0.584411, 
261, 0.564565, 0.755894, -1.51514, 1.97758, 0.473987, -2.07677, 
262, 0.0509293, -0.143396, 0.0135377, -0.805283, -1.22891, 0.842506, 
263, -0.700315, -0.0999601, 0.279203, -0.815709, -2.0071, 1.18453, 
263, 0.0461865, -0.0868723, -0.246005, -0.912025, -1.1061, 1.06351, 
264, 0.0421599, 0.0305988, -0.589199, 1.9801, 0.947074, -1.70211, 
265, -1.18166, 0.579318, -0.810907, -0.737349, -2.0071, -4.37776, 
265, 0.0384399, 0.30375, -1.18817, -1.44205, -0.903024, -4.36851, 
266, -0.714324, 0.574029, -1.64398, 2.11637, 1.4024, -6.9813, 
266, 0.0342355, 0.674073, -1.96093, 1.32772, 1.02171, -6.86333, 
268, 0.232598, -0.112912, 0.199555, -0.609843, -1.28624, 0.442569, 
268, 0.592398, 0.824355, -1.60856, 1.93779, 0.425993, 4.17958, 
269, -0.470361, -0.221451, 0.69707, -0.903477, -1.91754, 0.6903, 
269, 0.228656, -0.114755, -3.72512e-05, -0.670834, -1.09986, 0.601768, 
270, -0.471485, -0.324486, 0.463894, -0.866339, -1.77389, 1.01473, 
270, 0.223394, -0.0583916, -0.271452, -0.914783, -0.900306, 0.94001, 
271, -0.505396, -0.366231, 0.210383, 2.27406, 1.6079, -1.83944, 
271, 0.210112, 0.0457904, -0.575412, 1.98274, 0.767804, 4.43786, 
272, -1.06827, 0.0841409, -0.22698, 2.30193, 2.0071, -1.40703, 
272, 0.21346, 0.328714, -1.21356, -1.59089, -0.812037, -4.38845, 
273, 0.209524, 0.52699, -1.68653, -1.96606, -1.01243, 2.44946, 
274, -0.492113, 0.277766, -1.496, 1.7852, 1.35573, -0.522931, 
275, -0.147187, 0.03198, 0.873863, -0.802251, -2.0071, 0.159879, 
275, 0.39639, -0.0359002, 0.123424, -0.504908, -1.19404, 0.249001, 
276, -0.14095, -0.292335, 0.807487, -0.648286, -1.79284, 0.454681, 
276, 0.393839, -0.0376891, -0.0778409, -0.60497, -0.98589, 0.432516, 
277, -0.158733, -0.470578, 0.562877, -0.789519, -1.45637, 0.813774, 
277, 0.391159, 0.00933466, -0.331888, -0.716847, -0.783415, 0.634741, 
278, -0.169814, -0.449328, 0.244739, -0.924655, -1.27258, 1.13441, 
278, 0.385882, 0.141481, -0.707592, -1.18659, -0.648801, 1.20321, 
279, 0.381327, 0.492608, -1.45796, -1.94214, -0.68158, -4.16011, 
280, -0.97692, -0.313897, -0.255167, -0.836111, -1.82751, -4.13626, 
280, 0.378365, 0.462879, -1.52112, -2.08204, -0.843017, 2.33692, 
281, -0.894209, 0.430737, -1.64482, -0.948304, -1.53121, -3.60573, 
281, -0.190987, 0.243116, -1.47719, 1.44475, 1.37434, -0.490187, 
282, 0.201796, 0.0558871, 0.868673, -0.548581, -2.0071, -0.054914, 
282, 0.512062, 0.08863, 0.052518, -0.369377, -1.16941, 0.0393371, 
283, 0.195454, -0.32228, 0.786815, -0.526019, -1.57516, 0.223565, 
283, 0.50311, 0.0654333, -0.133545, -0.465316, -0.892188, 0.215017, 
284, -0.48532, -0.449853, 0.9599, -0.886614, -2.0071, 0.592944, 
284, 0.187522, -0.464059, 0.567391, -0.61897, -1.22378, 0.483272, 
284, 0.537763, 0.126799, -0.456846, -0.64717, -0.670384, 0.45724, 
285, -0.502376, -0.758883, 0.824375, -0.86618, -1.56807, 1.06748, 
285, 0.178031, -0.45574, 0.255603, -0.721495, -0.947974, 0.725818, 
285, 0.535131, 0.242066, -0.814667, -0.899398, -0.444047, 0.80293, 
286, 0.531818, 0.781535, -1.91196, 0.799488, 0.572071, -6.9813, 
287, 0.165095, -0.0423985, -0.809786, 1.38433, 0.847469, -1.04884, 
288, -0.524223, 0.240364, -1.55003, 1.70647, 1.291, -6.74797, 
288, 0.158463, 0.323567, -1.62236, 1.01184, 1.1837, -6.64061, 
289, 0.505729, 0.136594, 0.747395, -0.281751, -1.93789, -0.248515, 
289, 0.675148, 0.257538, -0.0792609, -0.211172, -1.24471, -0.225043, 
290, 0.47901, -0.0736375, 0.682599, -0.31297, -1.62644, -0.0729928, 
290, 0.662289, 0.230527, -0.26227, -0.265331, -0.966112, -0.101554, 
291, 0.474717, -0.300717, 0.480727, -0.368921, -1.11081, 0.0747953, 
291, 0.646562, 0.254545, -0.48847, -0.383798, -0.678172, 0.093801, 
292, 0.100048, -0.903995, 0.885217, -0.740499, -1.08849, 0.708888, 
292, 0.466773, -0.328821, 0.187866, -0.546623, -0.678646, 0.362286, 
292, 0.62033, 0.327099, -0.765167, -0.770917, -0.363321, 0.57422, 
293, 0.0944211, -0.786614, 0.412542, -1.0536, -0.8016, 1.16426, 
293, 0.489789, -0.213287, -0.255155, -1.12572, -0.435407, 1.04735, 
293, 0.661615, 0.906444, -2.02518, 0.579933, 0.535743, -6.96669, 
294, 0.0809217, -0.519097, -0.192154, 1.50705, 0.783638, -1.21973, 
295, 0.0645852, 0.0887055, -1.37799, 1.02298, 1.19203, -0.379077, 
296, 0.714966, 0.246855, 0.579273, -0.111789, -1.9325, -0.418741, 
296, 0.773949, 0.381465, -0.342147, -0.0560646, -1.12103, -0.429269, 
297, 0.735579, 0.0312545, 0.487584, -0.0697525, -1.54243, -0.37665, 
297, 0.774043, 0.394578, -0.560828, -0.071867, -0.852893, -0.374165, 
298, 0.656645, -0.307115, 0.9599, -0.127532, -1.65659, -0.316482, 
298, 0.797769, -0.00138618, 0.314672, -0.0718234, -1.28733, -0.379905, 
298, 0.774011, 0.468067, -0.867569, -0.104041, -0.54092, -0.294478, 
299, 0.6797, -0.591817, 0.768756, -0.187766, -1.05291, -0.189115, 
299, 0.778216, -0.0764019, 0.0466989, -0.100785, -0.833274, -0.270015, 
299, 0.774027, 0.654392, -1.35972, -0.21899, -0.133872, -0.119988, 
300, 0.671921, -0.587041, 0.350742, -0.238243, -0.485902, -0.0152565, 
300, 0.772688, -0.0151547, -0.303905, -0.205058, -0.392275, -0.0801971, 
300, 0.774399, 0.754818, -1.71472, -3.18178, -0.272275, -3.38967, 
301, 0.733666, 0.34356, -1.24896, 0.308952, 0.369083, -0.46656, 
302, 0.639277, 0.0950285, -1.26406, 0.180081, 0.91678, -0.133899, 
303, 0.919593, 0.572189, 0.205395, 0.104182, -1.93096, -0.623862, 
303, 0.857031, 0.541407, -0.558344, 0.0749857, -1.14229, -0.656083, 
304, 0.883324, 0.174253, 0.339935, 0.0741596, -1.64242, -0.610647, 
304, 0.859397, 0.577039, -0.805959, 0.107028, -0.874295, -0.66528, 
305, 0.969284, 0.14245, 0.617134, 0.143665, -1.79604, -0.611969, 
305, 0.903429, 0.120161, 0.0700304, 0.123527, -1.22105, -0.653995, 
305, 0.861089, 0.676936, -1.1565, 0.187569, -0.554246, -0.724082, 
306, 0.961616, -0.236877, 0.506223, 0.182534, -1.24828, -0.645444, 
306, 0.906324, 0.12381, -0.240854, 0.211816, -0.819865, -0.70488, 
306, 0.862524, 0.920313, -1.75467, 0.555436, -0.135205, -1.08544, 
307, 0.979364, -0.272458, 0.124678, 0.38628, -0.675273, -0.859537, 
307, 0.912053, 0.201759, -0.644222, 0.588251, -0.363083, -1.07613, 
308, 0.916119, 0.542725, -1.41899, 2.53582, -0.381218, -2.98447, 
309, 0.984178, 0.566273, -1.83816, -3.4906, -0.974496, 3.13411, 
310, 1.00995, 0.800225, -0.206053, 0.207488, -1.86359, -0.815427, 
310, 0.913509, 0.672464, -0.749634, 0.157336, -1.17662, -0.879148, 
311, 1.05376, 0.621592, -0.191488, 0.262321, -1.65932, -0.803879, 
311, 0.918036, 0.734929, -1.03454, 0.223876, -0.913351, -0.943183, 
312, 1.12257, 0.508156, 0.129301, 0.323012, -1.83068, -0.839958, 
312, 1.02889, 0.52968, -0.400017, 0.293064, -1.32091, -0.896759, 
312, 0.920357, 0.854154, -1.41783, 0.371388, -0.603821, -1.11025, 
313, 1.15866, 0.337465, 0.0264262, 0.403146, -1.51415, -0.934041, 
313, 1.0304, 0.537067, -0.724874, 0.427495, -0.959777, -1.04132, 
314, 1.13212, 0.252807, -0.273521, 0.516793, -1.1223, -1.11644, 
314, 1.0335, 0.891595, -1.63345, 0.949291, -0.425267, -1.60781, 
317, 1.15352, 1.0528, -0.605204, 0.351574, -1.86029, -1.01822, 
317, 1.00837, 1.26647, -1.64887, 0.311346, -1.01935, -1.11953, 
318, 1.22437, 1.26401, -0.678295, 0.399114, -1.99515, -1.01779, 
318, 1.08029, 0.922595, -0.727203, 0.330866, -1.58434, -1.09885, 
318, 1.00368, 1.24468, -1.75793, 0.378565, -0.87711, -1.19468, 
319, 1.25829, 0.910779, -0.465855, 0.451929, -1.82167, -1.07964, 
319, 1.10745, 0.95739, -1.09356, 0.405504, -1.25015, -1.20227, 
320, 1.24465, 0.71317, -0.534342, 0.493648, -1.54464, -1.17637, 
320, 1.1129, 1.16964, -1.74193, 0.601011, -0.846012, -1.47958, 
321, 1.23909, 0.836824, -1.19693, 0.699412, -1.06811, -1.51781, 
