0 0 0 0 0 0 
0 0 0 0 0 0 
0 0.1 -1.11022e-16 0 0 0 
0 0.1 -1.11022e-16 0.1 0 0 
0 0.1 -1.11022e-16 0.1 -0.05 0 
0 0.1 -1.11022e-16 0.1 -0.1 0 
0 0.1 -1.11022e-16 0.1 -0.15 0 
0 0.1 -1.11022e-16 0.1 -0.2 0 
0 0.1 -1.11022e-16 0.2 -0.2 0 
-0.1 0.1 -1.11022e-16 0.2 -0.2 0 
-0.1 0.1 -1.11022e-16 0.3 -0.2 0 
-0.1 0.1 -1.11022e-16 0.4 -0.2 0 
-0.15 0.1 -1.11022e-16 0.4 -0.2 0 
-0.15 0.1 -1.11022e-16 0.4 -0.2 -0.05 
-0.15 0.1 -1.11022e-16 0.5 -0.2 -0.05 
-0.15 0.1 -1.11022e-16 0.5 -0.2 -0.1 
-0.15 0.1 -1.11022e-16 0.5 -0.2 -0.15 
-0.15 0.1 -1.11022e-16 0.5 -0.2 -0.2 
-0.15 0.1 -1.11022e-16 0.55 -0.2 -0.2 
-0.15 0.1 -1.11022e-16 0.55 -0.2 -0.25 
-0.15 0.1 -1.11022e-16 0.6 -0.2 -0.25 
-0.15 0.1 0.1 0.6 -0.2 -0.25 
-0.15 0.1 0.1 0.6 -0.25 -0.25 
-0.15 0.1 0.1 0.6 -0.3 -0.25 
-0.15 0.1 0.1 0.6 -0.35 -0.25 
-0.15 0.1 0.2 0.6 -0.35 -0.25 
-0.15 0.1 0.2 0.6 -0.4 -0.25 
-0.15 0.1 0.2 0.6 -0.45 -0.25 
-0.15 0.1 0.2 0.6 -0.5 -0.25 
-0.15 0.1 0.2 0.7 -0.5 -0.25 
-0.15 0.1 0.2 0.7 -0.5 -0.2 
-0.15 0.1 0.2 0.7 -0.5 -0.15 
-0.15 0.1 0.2 0.65 -0.5 -0.2 
-0.15 0.1 0.2 0.65 -0.5 -0.15 
-0.15 0.1 0.2 0.65 -0.5 -0.25 
-0.15 0.1 0.2 0.6 -0.5 -0.2 
-0.15 0.15 0.2 0.6 -0.45 -0.25 
-0.15 0.15 0.2 0.65 -0.45 -0.25 
-0.15 0.15 0.2 0.55 -0.45 -0.25 
