0 0 0 0 0 0 
-0.1 0 -1.11022e-16 0 0 0 
-0.1 -0.1 -1.11022e-16 0 0 0 
-0.1 -0.1 -0.05 0 0 0 
-0.1 -0.05 -0.05 0 0 0 
-0.1 -0.1 -0.1 0 0 0 
-0.15 -0.1 -0.05 0 0 0 
-0.1 -0.1 -0.05 0 0 0.05 
-0.1 -0.1 -0.05 -0.05 0 0 
-0.1 -0.1 -0.05 0.05 0 0 
-0.1 -0.1 -0.05 0 0 -0.05 
-0.1 -0.1 -0.05 0 -0.05 0 
-0.1 -0.1 -0.05 0 0.05 0 
-0.1 -0.1 -1.11022e-16 0 -0.05 0 
-0.1 -0.05 -0.1 0 0 0 
-0.15 -0.1 -1.11022e-16 0 0 0 
-0.1 -0.1 -0.1 0 0 0.05 
-0.1 -0.1 -0.1 0 0 -0.05 
-0.1 -0.1 -0.1 -0.05 0 0 
-0.1 -0.1 -0.1 0 -0.05 0 
-0.1 -0.1 -0.1 0.05 0 0 
-0.1 -0.1 -0.1 0 0.05 0 
-0.1 -0.05 -0.05 0.05 0 0 
-0.1 -0.05 -0.05 -0.05 0 0 
-0.1 -0.05 -0.05 0 0 0.05 
-0.1 -0.05 -0.05 0 -0.05 0 
-0.1 -0.05 -0.05 0 0 -0.05 
-0.15 -0.1 -0.05 0.05 0 0 
-0.15 -0.1 -0.05 0 0 0.05 
-0.15 -0.1 -0.05 -0.05 0 0 
-0.15 -0.1 -0.05 0 -0.05 0 
-0.15 -0.1 -0.05 0 0 -0.05 
-0.15 -0.1 -0.05 0 0.05 0 
-0.15 -0.05 -0.05 0 0 0 
-0.1 -0.1 -0.05 0.05 0 0.05 
-0.1 -0.1 -0.05 0.05 -0.05 0 
-0.1 -0.1 -0.05 0.05 0 -0.05 
-0.1 -0.1 -0.05 -0.05 0 -0.05 
-0.1 -0.1 -0.05 -0.05 -0.05 0 
-0.1 -0.1 -0.05 -0.05 0 0.05 
-0.1 -0.1 -0.05 0 -0.05 0.05 
-0.1 -0.1 -0.05 0 -0.05 -0.05 
-0.1 -0.1 -0.05 -0.05 0.05 0 
-0.1 -0.1 -0.05 0 0.05 0.05 
-0.1 -0.1 -0.05 0.05 0.05 0 
-0.1 -0.1 -0.05 0 0.05 -0.05 
-0.15 -0.1 -0.1 0 0 0 
-0.15 -0.1 -1.11022e-16 0 -0.05 0 
-0.15 -0.1 -1.11022e-16 0.05 0 0 
-0.15 -0.1 -1.11022e-16 0 0 0.05 
-0.15 -0.1 -1.11022e-16 -0.05 0 0 
-0.15 -0.1 -1.11022e-16 0 0 -0.05 
-0.1 -0.15 -0.05 0 0 0 
-0.1 -0.1 -0.1 -0.05 -0.05 0 
-0.1 -0.1 -0.1 0.05 0 -0.05 
-0.1 -0.1 -0.1 -0.05 0 -0.05 
-0.1 -0.1 -0.1 0 -0.05 -0.05 
-0.1 -0.1 -0.1 0.05 0 0.05 
-0.1 -0.1 -0.1 -0.05 0 0.05 
-0.1 -0.1 -0.1 0 -0.05 0.05 
-0.1 -0.1 -0.1 0.05 -0.05 0 
-0.1 -0.1 -0.1 0.05 0.05 0 
-0.1 -0.1 -0.1 -0.05 0.05 0 
-0.1 -0.1 -0.1 0 0.05 0.05 
-0.1 -0.1 -0.1 0 0.05 -0.05 
-0.1 -0.1 -1.11022e-16 0.05 -0.05 0 
-0.1 -0.1 -1.11022e-16 -0.05 -0.05 0 
-0.1 -0.1 -1.11022e-16 0 -0.05 0.05 
-0.1 -0.1 -1.11022e-16 0 -0.05 -0.05 
-0.1 -0.05 -0.1 0.05 0 0 
-0.1 -0.05 -0.1 0 0 0.05 
-0.1 -0.05 -0.1 -0.05 0 0 
-0.1 -0.05 -0.1 0 -0.05 0 
-0.1 -0.05 -0.1 0 0 -0.05 
-0.1 -0.05 -0.1 0 0.05 0 
-0.1 -0.1 -1.11022e-16 0 0 0.05 
-0.1 -0.1 -1.11022e-16 0.05 0 0 
-0.1 -0.1 -1.11022e-16 0 0 -0.05 
-0.1 -0.1 -1.11022e-16 -0.05 0 0 
-0.1 -0.1 -1.11022e-16 0 0.05 0 
-0.15 -0.1 -0.05 0 -0.05 -0.05 
-0.15 -0.1 -0.05 -0.05 -0.05 0 
-0.15 -0.1 -0.05 -0.05 0 -0.05 
-0.15 -0.1 -0.05 -0.05 0 0.05 
-0.15 -0.1 -0.05 0 -0.05 0.05 
-0.15 -0.1 -0.05 0.05 0 0.05 
-0.15 -0.1 -0.05 0.05 -0.05 0 
-0.15 -0.1 -0.05 0.05 0 -0.05 
-0.15 -0.1 -0.05 0.05 0.05 0 
-0.15 -0.1 -0.05 -0.05 0.05 0 
-0.15 -0.1 -0.05 0 0.05 0.05 
-0.15 -0.1 -0.05 0 0.05 -0.05 
-0.1 -0.15 -1.11022e-16 0 0 0 
-0.1 -0.1 -0.05 0 -0.1 0 
-0.1 -0.05 -0.05 0 -0.05 -0.05 
-0.1 -0.05 -0.05 0 -0.05 0.05 
-0.1 -0.05 -0.05 0.05 0 0.05 
-0.1 -0.05 -0.05 -0.05 -0.05 0 
-0.1 -0.05 -0.05 -0.05 0 -0.05 
-0.1 -0.05 -0.05 -0.05 0 0.05 
-0.1 -0.05 -0.05 0.05 0 -0.05 
-0.1 -0.05 -0.05 0.05 -0.05 0 
-0.1 -0.05 -1.11022e-16 0 0 0 
-0.15 -0.15 -1.11022e-16 0 0 0 
-0.15 -0.1 -0.1 -0.05 0 0 
-0.15 -0.1 -0.1 0 0 -0.05 
-0.15 -0.1 -0.1 0 0 0.05 
-0.15 -0.1 -0.1 0.05 0 0 
-0.15 -0.1 -0.1 0 -0.05 0 
-0.15 -0.1 -0.1 0 0.05 0 
-0.1 -0.05 -0.05 0 0.05 0 
-0.05 -0.1 -0.05 0 0 0 
-0.15 -0.05 -0.05 0.05 0 0 
-0.15 -0.05 -0.05 -0.05 0 0 
-0.15 -0.05 -0.05 0 0 -0.05 
-0.15 -0.05 -0.05 0 -0.05 0 
-0.15 -0.05 -0.05 0 0 0.05 
-0.1 -0.1 -0.05 -0.05 -0.05 0.05 
-0.1 -0.1 -0.05 -0.05 -0.05 -0.05 
-0.1 -0.1 -0.05 0.05 -0.05 -0.05 
-0.1 -0.1 -0.05 0.05 -0.05 0.05 
-0.1 -0.1 -0.05 -0.05 0.05 0.05 
-0.1 -0.1 -0.05 -0.05 0.05 -0.05 
-0.1 -0.1 -0.05 0.05 0.05 0.05 
-0.1 -0.1 -0.05 0.05 0.05 -0.05 
-0.15 -0.05 -0.1 0 -0.05 0 
-0.15 -0.1 -1.11022e-16 -0.05 0 -0.05 
-0.15 -0.1 -1.11022e-16 0.05 0 -0.05 
-0.15 -0.1 -1.11022e-16 -0.05 0 0.05 
-0.15 -0.1 -1.11022e-16 0.05 0 0.05 
-0.15 -0.1 -1.11022e-16 0.05 -0.05 0 
-0.15 -0.1 -1.11022e-16 0 -0.05 0.05 
-0.15 -0.1 -1.11022e-16 -0.05 -0.05 0 
-0.15 -0.1 -1.11022e-16 0 -0.05 -0.05 
-0.1 -0.15 -0.05 0 -0.05 0 
-0.1 -0.15 -0.05 0 0 0.05 
-0.1 -0.15 -0.05 -0.05 0 0 
-0.1 -0.15 -0.05 0.05 0 0 
-0.1 -0.15 -0.05 0 0 -0.05 
-0.1 -0.1 -0.1 -0.05 -0.05 0.05 
-0.1 -0.1 -0.1 -0.05 -0.05 -0.05 
-0.1 -0.1 -0.1 0.05 -0.05 0.05 
-0.1 -0.1 -0.1 0.05 -0.05 -0.05 
-0.1 -0.1 -0.1 0.05 0.05 0.05 
-0.1 -0.1 -0.1 -0.05 0.05 0.05 
-0.1 -0.1 -0.1 -0.05 0.05 -0.05 
-0.1 -0.1 -0.1 0.05 0.05 -0.05 
-0.1 -0.1 -1.11022e-16 -0.05 -0.05 -0.05 
-0.1 -0.1 -1.11022e-16 -0.05 -0.05 0.05 
-0.1 -0.1 -1.11022e-16 0.05 -0.05 0.05 
-0.1 -0.1 -1.11022e-16 0.05 -0.05 -0.05 
-0.1 -0.05 -0.1 -0.05 0 0.05 
-0.1 -0.05 -0.1 0.05 -0.05 0 
-0.1 -0.05 -0.1 -0.05 0 -0.05 
-0.1 -0.05 -0.1 -0.05 -0.05 0 
-0.1 -0.05 -0.1 0 -0.05 0.05 
-0.1 -0.05 -0.1 0.05 0 0.05 
-0.1 -0.05 -0.1 0 -0.05 -0.05 
-0.1 -0.05 -0.1 0.05 0 -0.05 
-0.1 -0.05 -0.1 0 0.05 -0.05 
-0.1 -0.05 -0.1 0 0.05 0.05 
-0.1 -0.05 -0.1 -0.05 0.05 0 
-0.1 -0.05 -0.1 0.05 0.05 0 
-0.1 -0.1 -0.15 0 0 0 
-0.15 -0.1 -0.05 0.05 -0.05 0.05 
-0.15 -0.1 -0.05 0.05 -0.05 -0.05 
-0.15 -0.1 -0.05 -0.05 -0.05 0.05 
-0.15 -0.1 -0.05 -0.05 -0.05 -0.05 
-0.15 -0.1 -0.05 -0.05 0.05 0.05 
-0.15 -0.1 -0.05 0.05 0.05 0.05 
-0.15 -0.1 -0.05 0.05 0.05 -0.05 
-0.15 -0.1 -0.05 -0.05 0.05 -0.05 
-0.05 -0.05 -0.05 0 0 0 
-0.15 -0.05 -0.1 0 0 0 
-0.1 -0.15 -1.11022e-16 0 -0.05 0 
-0.15 -0.1 -1.11022e-16 0 0.05 0 
-0.1 -0.15 -1.11022e-16 0 0 0.05 
-0.1 -0.15 -1.11022e-16 0 0 -0.05 
-0.1 -0.15 -1.11022e-16 -0.05 0 0 
-0.1 -0.15 -1.11022e-16 0.05 0 0 
-0.1 -0.15 -1.11022e-16 0 0.05 0 
-0.1 -0.05 -0.15 0 0 0 
-0.1 -0.1 -0.05 0.05 -0.1 0 
-0.1 -0.1 -0.05 -0.05 -0.1 0 
-0.1 -0.1 -0.05 0 -0.1 -0.05 
-0.1 -0.1 -0.05 0 -0.1 0.05 
-0.15 -0.15 -1.11022e-16 0 0 -0.05 
-0.15 -0.15 -1.11022e-16 -0.05 0 0 
-0.15 -0.15 -1.11022e-16 0 -0.05 0 
-0.15 -0.15 -1.11022e-16 0 0 0.05 
-0.15 -0.15 -1.11022e-16 0.05 0 0 
-0.15 -0.15 -0.05 0 0 0 
-0.15 -0.1 -0.1 0.05 -0.05 0 
-0.15 -0.1 -0.1 0 -0.05 0.05 
-0.15 -0.1 -0.1 -0.05 0 0.05 
-0.15 -0.1 -0.1 0.05 0 0.05 
-0.15 -0.1 -0.1 0 -0.05 -0.05 
-0.15 -0.1 -0.1 -0.05 0 -0.05 
-0.15 -0.1 -0.1 0.05 0 -0.05 
-0.15 -0.1 -0.1 -0.05 -0.05 0 
-0.15 -0.1 -0.1 0 0.05 -0.05 
-0.15 -0.1 -0.1 0 0.05 0.05 
-0.15 -0.1 -0.1 -0.05 0.05 0 
-0.15 -0.1 -0.1 0.05 0.05 0 
-0.15 -0.05 -1.11022e-16 0 0 0 
-0.1 -0.1 -1.11022e-16 0.05 0 -0.05 
-0.1 -0.1 -1.11022e-16 0.05 0 0.05 
-0.1 -0.1 -1.11022e-16 -0.05 0 0.05 
-0.1 -0.1 -1.11022e-16 -0.05 0 -0.05 
-0.1 -0.1 -1.11022e-16 0 0.05 0.05 
-0.1 -0.1 -1.11022e-16 0.05 0.05 0 
-0.1 -0.1 -1.11022e-16 0 0.05 -0.05 
-0.1 -0.1 -1.11022e-16 -0.05 0.05 0 
-0.15 -0.05 -0.1 0.05 -0.05 0 
-0.15 -0.05 -0.1 0 -0.05 0.05 
-0.15 -0.05 -0.1 -0.05 -0.05 0 
-0.15 -0.05 -0.1 0 -0.05 -0.05 
-0.05 -0.1 -0.1 0 0 0 
-0.1 -0.1 -0.1 0 0 -0.1 
-0.1 -0.1 -0.1 0 -0.1 0 
-0.1 -0.1 -0.1 -0.1 0 0 
-0.1 -0.1 -0.1 0.1 0 0 
-0.1 -0.1 -0.1 0 0.1 0 
-0.1 -0.1 -0.1 0 0 0.1 
-0.15 -0.1 -1.11022e-16 0.05 -0.05 0.05 
-0.15 -0.1 -1.11022e-16 -0.05 -0.05 0.05 
-0.15 -0.1 -1.11022e-16 0.05 -0.05 -0.05 
-0.15 -0.1 -1.11022e-16 -0.05 -0.05 -0.05 
-0.1 -0.15 -0.05 -0.05 0 0.05 
-0.1 -0.15 -0.05 -0.05 -0.05 0 
-0.1 -0.15 -0.05 -0.05 0 -0.05 
-0.1 -0.15 -0.05 0 -0.05 0.05 
-0.1 -0.15 -0.05 0.05 0 -0.05 
-0.1 -0.15 -0.05 0.05 -0.05 0 
-0.1 -0.15 -0.05 0.05 0 0.05 
-0.1 -0.15 -0.05 0 -0.05 -0.05 
-0.1 -0.05 -0.05 0.05 -0.05 0.05 
-0.1 -0.05 -0.05 -0.05 -0.05 0.05 
-0.1 -0.05 -0.05 0.05 -0.05 -0.05 
-0.1 -0.05 -0.05 -0.05 -0.05 -0.05 
-0.15 -0.05 -0.05 0.05 0 -0.05 
-0.15 -0.05 -0.05 0.05 0 0.05 
-0.15 -0.05 -0.05 -0.05 0 0.05 
-0.15 -0.05 -0.05 -0.05 0 -0.05 
-0.15 -0.05 -0.05 0.05 -0.05 0 
-0.15 -0.05 -0.05 -0.05 -0.05 0 
-0.15 -0.05 -0.05 0 -0.05 0.05 
-0.15 -0.05 -0.05 0 -0.05 -0.05 
-0.15 -0.05 -0.05 -0.05 0.05 0 
-0.1 -0.1 -0.05 0 0 -0.1 
-0.1 -0.1 -0.05 -0.1 0 0 
-0.1 -0.1 -0.05 0.1 0 0 
-0.1 -0.1 -0.05 0 0.1 0 
-0.1 -0.1 -0.05 0 0 0.1 
-0.1 -0.05 -0.1 0 -0.1 0 
-0.1 -0.05 -0.05 0.05 0.05 0 
-0.1 -0.05 -0.05 -0.05 0.05 0 
-0.1 -0.05 -0.05 0 0.05 0.05 
-0.1 -0.05 -0.05 0 0.05 -0.05 
-0.05 -0.1 -1.11022e-16 0 0 0 
-0.15 -0.1 -0.05 0 0 -0.1 
-0.15 -0.1 -0.05 0 -0.1 0 
-0.15 -0.1 -0.05 0 0.1 0 
-0.15 -0.1 -0.05 -0.1 0 0 
-0.15 -0.1 -0.05 0.1 0 0 
-0.15 -0.1 -0.05 0 0 0.1 
-0.1 -0.1 -0.15 0 0 0.05 
-0.1 -0.1 -0.15 -0.05 0 0 
-0.1 -0.1 -0.15 0.05 0 0 
-0.1 -0.1 -0.15 0 0 -0.05 
-0.1 -0.1 -0.15 0 -0.05 0 
-0.1 -0.1 -0.15 0 0.05 0 
-0.05 -0.1 -0.05 0 0 -0.05 
-0.05 -0.1 -0.05 0 -0.05 0 
-0.05 -0.1 -0.05 -0.05 0 0 
-0.05 -0.1 -0.05 0 0 0.05 
-0.05 -0.1 -0.05 0.05 0 0 
-0.05 -0.1 -0.05 0 0.05 0 
-0.1 -0.05 -1.11022e-16 0.05 0 0 
-0.1 -0.05 -1.11022e-16 0 0 0.05 
-0.1 -0.05 -1.11022e-16 0 0 -0.05 
-0.1 -0.05 -1.11022e-16 0 -0.05 0 
-0.1 -0.05 -1.11022e-16 -0.05 0 0 
-0.05 -0.05 -0.1 0 0 0 
-0.1 -0.1 -1.11022e-16 0 -0.1 0 
-0.15 -0.05 -0.05 0 0.05 0 
-0.1 -0.05 -0.1 0.05 -0.05 -0.05 
-0.1 -0.05 -0.1 0.05 -0.05 0.05 
-0.1 -0.05 -0.1 -0.05 -0.05 -0.05 
-0.1 -0.05 -0.1 -0.05 -0.05 0.05 
-0.1 -0.05 -0.1 0.05 0.05 -0.05 
-0.1 -0.05 -0.1 -0.05 0.05 -0.05 
-0.1 -0.05 -0.1 -0.05 0.05 0.05 
-0.1 -0.05 -0.1 0.05 0.05 0.05 
-0.15 -0.15 -0.05 0 0 -0.05 
-0.15 -0.15 -0.05 0 -0.05 0 
-0.15 -0.15 -0.05 -0.05 0 0 
-0.15 -0.15 -0.05 0 0 0.05 
-0.15 -0.15 -0.05 0.05 0 0 
-0.15 -0.15 -1.11022e-16 0 -0.05 -0.05 
-0.15 -0.15 -1.11022e-16 -0.05 -0.05 0 
-0.15 -0.15 -1.11022e-16 0 -0.05 0.05 
-0.15 -0.15 -1.11022e-16 -0.05 0 0.05 
-0.15 -0.15 -1.11022e-16 -0.05 0 -0.05 
-0.15 -0.15 -1.11022e-16 0.05 -0.05 0 
-0.15 -0.15 -1.11022e-16 0.05 0 0.05 
-0.15 -0.15 -1.11022e-16 0.05 0 -0.05 
-0.15 -0.15 -0.05 0 0.05 0 
-0.15 -0.05 -0.1 0 0 -0.05 
-0.15 -0.05 -0.1 -0.05 0 0 
-0.15 -0.05 -0.1 0 0 0.05 
-0.15 -0.05 -0.1 0.05 0 0 
-0.15 -0.05 -0.1 0 0.05 0 
-0.15 -0.1 -0.1 0.05 -0.05 -0.05 
-0.15 -0.1 -0.1 0.05 -0.05 0.05 
-0.15 -0.1 -0.1 -0.05 -0.05 -0.05 
-0.15 -0.1 -0.1 -0.05 -0.05 0.05 
-0.15 -0.1 -0.1 0.05 0.05 -0.05 
-0.15 -0.1 -0.1 -0.05 0.05 -0.05 
-0.15 -0.1 -0.1 -0.05 0.05 0.05 
-0.15 -0.1 -0.1 0.05 0.05 0.05 
-0.1 -0.15 -1.11022e-16 -0.05 0 -0.05 
-0.1 -0.15 -1.11022e-16 0.05 0 0.05 
-0.1 -0.15 -1.11022e-16 0.05 0 -0.05 
-0.1 -0.15 -1.11022e-16 -0.05 0 0.05 
-0.1 -0.15 -1.11022e-16 -0.05 -0.05 0 
-0.1 -0.15 -1.11022e-16 0 -0.05 0.05 
-0.1 -0.15 -1.11022e-16 0 -0.05 -0.05 
-0.1 -0.15 -1.11022e-16 0.05 -0.05 0 
-0.15 -0.1 -1.11022e-16 -0.05 0.05 0 
-0.15 -0.1 -1.11022e-16 0.05 0.05 0 
-0.15 -0.1 -1.11022e-16 0 0.05 0.05 
-0.15 -0.1 -1.11022e-16 0 0.05 -0.05 
-0.1 -0.15 -1.11022e-16 0.05 0.05 0 
-0.1 -0.15 -1.11022e-16 -0.05 0.05 0 
-0.1 -0.15 -1.11022e-16 0 0.05 0.05 
-0.1 -0.15 -1.11022e-16 0 0.05 -0.05 
-0.1 -0.15 -0.05 0 0.05 0 
-0.1 -0.05 -0.15 0.05 0 0 
-0.1 -0.05 -0.15 -0.05 0 0 
-0.1 -0.05 -0.15 0 0 0.05 
-0.1 -0.05 -0.15 0 0 -0.05 
-0.1 -0.05 -0.15 0 -0.05 0 
-0.1 -0.05 -0.15 0 0.05 0 
-0.1 -0.1 -0.05 -0.05 -0.1 -0.05 
-0.1 -0.1 -0.05 0.05 -0.1 -0.05 
-0.1 -0.1 -0.05 0.05 -0.1 0.05 
-0.1 -0.1 -0.05 -0.05 -0.1 0.05 
-0.15 -0.05 -1.11022e-16 0 0 -0.05 
-0.15 -0.05 -1.11022e-16 -0.05 0 0 
-0.15 -0.05 -1.11022e-16 0 0 0.05 
-0.15 -0.05 -1.11022e-16 0.05 0 0 
-0.15 -0.05 -1.11022e-16 0 -0.05 0 
-0.1 -0.1 -1.11022e-16 0.05 0.05 0.05 
-0.1 -0.1 -1.11022e-16 0.05 0.05 -0.05 
-0.1 -0.1 -1.11022e-16 -0.05 0.05 -0.05 
-0.1 -0.1 -1.11022e-16 -0.05 0.05 0.05 
-0.15 -0.1 -1.11022e-16 0 0 -0.1 
-0.15 -0.1 -1.11022e-16 0 -0.1 0 
-0.15 -0.1 -1.11022e-16 -0.1 0 0 
-0.15 -0.1 -1.11022e-16 0.1 0 0 
-0.1 -0.15 -0.1 0 0 0 
-0.15 -0.1 -1.11022e-16 0 0 0.1 
-0.15 -0.05 -0.1 -0.05 -0.05 -0.05 
-0.15 -0.05 -0.1 -0.05 -0.05 0.05 
-0.15 -0.05 -0.1 0.05 -0.05 0.05 
-0.15 -0.05 -0.1 0.05 -0.05 -0.05 
-0.1 -0.15 -0.05 0.05 -0.05 0.05 
-0.1 -0.15 -0.05 0.05 -0.05 -0.05 
-0.1 -0.15 -0.05 -0.05 -0.05 0.05 
-0.1 -0.15 -0.05 -0.05 -0.05 -0.05 
-0.1 -0.1 -0.1 0 -0.05 -0.1 
-0.1 -0.1 -0.1 -0.05 0 -0.1 
-0.1 -0.1 -0.1 0.05 0 -0.1 
-0.1 -0.1 -0.1 0 0.05 -0.1 
-0.1 -0.1 -0.1 -0.05 -0.1 0 
-0.1 -0.1 -0.1 0 -0.1 -0.05 
-0.1 -0.1 -0.1 0.05 -0.1 0 
-0.1 -0.1 -0.1 0 -0.1 0.05 
-0.1 -0.1 -0.1 0.1 -0.05 0 
-0.1 -0.1 -0.1 -0.1 0 0.05 
-0.1 -0.1 -0.1 0.1 0 0.05 
-0.1 -0.1 -0.1 -0.1 0 -0.05 
-0.1 -0.1 -0.1 0.1 0 -0.05 
-0.1 -0.1 -0.1 -0.1 -0.05 0 
-0.1 -0.1 -0.1 0 0.1 -0.05 
-0.1 -0.1 -0.1 0 0.1 0.05 
-0.1 -0.1 -0.1 -0.05 0.1 0 
-0.1 -0.1 -0.1 0.05 0.1 0 
-0.1 -0.1 -0.1 -0.1 0.05 0 
-0.1 -0.1 -0.1 0.1 0.05 0 
-0.1 -0.1 -0.1 0.05 0 0.1 
-0.1 -0.1 -0.1 -0.05 0 0.1 
-0.1 -0.1 -0.1 0 -0.05 0.1 
-0.1 -0.1 -0.1 0 0.05 0.1 
-0.15 -0.1 0.05 0 0 0 
-0.15 -0.05 -0.05 -0.05 -0.05 -0.05 
-0.15 -0.05 -0.05 -0.05 -0.05 0.05 
-0.15 -0.05 -0.05 0.05 -0.05 -0.05 
-0.15 -0.05 -0.05 0.05 -0.05 0.05 
-0.15 -0.05 -0.05 -0.05 0.05 -0.05 
-0.15 -0.05 -0.05 -0.05 0.05 0.05 
-0.1 -0.1 -0.05 0 -0.05 -0.1 
-0.1 -0.1 -0.05 -0.05 0 -0.1 
-0.1 -0.1 -0.05 0.05 0 -0.1 
-0.1 -0.1 -0.05 0 0.05 -0.1 
-0.1 -0.1 -0.05 -0.1 0 -0.05 
-0.1 -0.1 -0.05 -0.1 -0.05 0 
-0.1 -0.1 -0.05 -0.1 0 0.05 
-0.1 -0.1 -0.05 0.1 0 0.05 
-0.1 -0.1 -0.05 0.1 0 -0.05 
-0.1 -0.1 -0.05 0.1 -0.05 0 
-0.1 -0.1 -0.05 0 0.1 0.05 
-0.1 -0.1 -0.05 -0.05 0.1 0 
-0.1 -0.1 -0.05 0.05 0.1 0 
-0.1 -0.1 -0.05 0 0.1 -0.05 
-0.1 -0.1 -0.05 -0.1 0.05 0 
-0.1 -0.1 -0.05 0.1 0.05 0 
-0.1 -0.1 -0.05 0.05 0 0.1 
-0.1 -0.1 -0.05 -0.05 0 0.1 
-0.1 -0.1 -0.05 0 -0.05 0.1 
-0.1 -0.1 -0.05 0 0.05 0.1 
-0.1 -0.05 -0.1 0.05 -0.1 0 
-0.1 -0.05 -0.1 -0.05 -0.1 0 
-0.1 -0.05 -0.1 0 -0.1 -0.05 
-0.1 -0.05 -0.1 0 -0.1 0.05 
-0.15 -0.15 0.05 0 0 0 
-0.15 -0.15 -1.11022e-16 0 0.05 0 
-0.15 -0.05 -0.15 0 0 0 
-0.15 -0.1 -0.05 0.05 0 -0.1 
-0.15 -0.1 -0.05 -0.05 0 -0.1 
-0.15 -0.1 -0.05 0 -0.05 -0.1 
-0.15 -0.1 -0.05 0.05 -0.1 0 
-0.15 -0.1 -0.05 -0.05 -0.1 0 
-0.15 -0.1 -0.05 0 -0.1 -0.05 
-0.15 -0.1 -0.05 0 -0.1 0.05 
-0.15 -0.1 -0.05 -0.1 0 -0.05 
-0.15 -0.1 -0.05 -0.1 -0.05 0 
-0.15 -0.1 -0.05 -0.1 0 0.05 
-0.15 -0.1 -0.05 0.1 0 -0.05 
-0.15 -0.1 -0.05 0.1 -0.05 0 
-0.15 -0.1 -0.05 0.1 0 0.05 
-0.15 -0.1 -0.05 0 0.05 -0.1 
-0.15 -0.1 -0.05 0 0.1 -0.05 
-0.15 -0.1 -0.05 0 0.1 0.05 
-0.15 -0.1 -0.05 -0.05 0.1 0 
-0.15 -0.1 -0.05 0.05 0.1 0 
-0.15 -0.1 -0.05 -0.1 0.05 0 
-0.15 -0.1 -0.05 0.1 0.05 0 
-0.15 -0.1 -0.05 -0.05 0 0.1 
-0.15 -0.1 -0.05 0 -0.05 0.1 
-0.15 -0.1 -0.05 0.05 0 0.1 
-0.15 -0.1 -0.05 0 0.05 0.1 
-0.1 -0.1 -0.15 0.05 0 0.05 
-0.1 -0.1 -0.15 0.05 -0.05 0 
-0.1 -0.1 -0.15 0.05 0 -0.05 
-0.1 -0.1 -0.15 -0.05 0 -0.05 
-0.1 -0.1 -0.15 -0.05 -0.05 0 
-0.1 -0.1 -0.15 -0.05 0 0.05 
-0.1 -0.1 -0.15 0 -0.05 0.05 
-0.1 -0.1 -0.15 0 -0.05 -0.05 
-0.1 -0.1 -0.15 -0.05 0.05 0 
-0.1 -0.1 -0.15 0 0.05 0.05 
-0.1 -0.1 -0.15 0.05 0.05 0 
-0.1 -0.1 -0.15 0 0.05 -0.05 
-0.1 -0.05 -0.05 0 0 -0.1 
-0.1 -0.05 -0.05 0 -0.1 0 
-0.1 -0.05 -0.05 -0.1 0 0 
-0.1 -0.05 -0.05 0.1 0 0 
-0.1 -0.05 -0.05 0 0 0.1 
-0.05 -0.1 -0.1 0 -0.05 0 
-0.05 -0.1 -0.1 0.05 0 0 
-0.05 -0.1 -0.1 0 0 0.05 
-0.05 -0.1 -0.1 -0.05 0 0 
-0.05 -0.1 -0.1 0 0 -0.05 
-0.05 -0.1 -0.1 0 0.05 0 
-0.15 -0.15 -1.11022e-16 -0.05 -0.05 0.05 
-0.15 -0.15 -1.11022e-16 -0.05 -0.05 -0.05 
-0.15 -0.15 -1.11022e-16 0.05 -0.05 -0.05 
-0.15 -0.15 -1.11022e-16 0.05 -0.05 0.05 
-0.15 -0.15 -0.05 0.05 0 -0.05 
-0.15 -0.15 -0.05 -0.05 0 -0.05 
-0.15 -0.15 -0.05 0.05 -0.05 0 
-0.15 -0.15 -0.05 -0.05 -0.05 0 
-0.15 -0.15 -0.05 0.05 0 0.05 
-0.15 -0.15 -0.05 -0.05 0 0.05 
-0.15 -0.15 -0.05 0 -0.05 0.05 
-0.15 -0.15 -0.05 0 -0.05 -0.05 
-0.15 -0.15 -0.05 -0.05 0.05 0 
-0.15 -0.15 -0.05 0.05 0.05 0 
-0.15 -0.15 -0.05 0 0.05 0.05 
-0.15 -0.15 -0.05 0 0.05 -0.05 
-0.15 -0.1 -0.1 0 0 -0.1 
-0.15 -0.1 -0.1 0 -0.1 0 
-0.15 -0.1 -0.1 -0.1 0 0 
-0.15 -0.1 -0.1 0.1 0 0 
-0.15 -0.1 -0.1 0 0.1 0 
-0.15 -0.1 -0.1 0 0 0.1 
-0.1 -0.1 0.05 0 0 0 
-0.15 -0.05 -0.1 0.05 0 -0.05 
-0.15 -0.05 -0.1 0.05 0 0.05 
-0.15 -0.05 -0.1 -0.05 0 -0.05 
-0.15 -0.05 -0.1 -0.05 0 0.05 
-0.15 -0.05 -0.1 0.05 0.05 0 
-0.15 -0.05 -0.1 -0.05 0.05 0 
-0.15 -0.05 -0.1 0 0.05 0.05 
-0.15 -0.05 -0.1 0 0.05 -0.05 
-0.1 -0.15 -1.11022e-16 -0.05 -0.05 0.05 
-0.1 -0.15 -1.11022e-16 -0.05 -0.05 -0.05 
-0.1 -0.15 -1.11022e-16 0.05 -0.05 -0.05 
-0.1 -0.15 -1.11022e-16 0.05 -0.05 0.05 
-0.15 -0.1 -1.11022e-16 -0.05 0.05 0.05 
-0.15 -0.1 -1.11022e-16 0.05 0.05 0.05 
-0.15 -0.1 -1.11022e-16 0.05 0.05 -0.05 
-0.15 -0.1 -1.11022e-16 -0.05 0.05 -0.05 
-0.1 -0.15 -1.11022e-16 0.05 0.05 0.05 
-0.1 -0.15 -1.11022e-16 -0.05 0.05 0.05 
-0.1 -0.15 -1.11022e-16 0.05 0.05 -0.05 
-0.1 -0.15 -1.11022e-16 -0.05 0.05 -0.05 
-0.1 -0.15 -0.05 0 0.05 0.05 
-0.1 -0.15 -0.05 -0.05 0.05 0 
-0.1 -0.15 -0.05 0.05 0.05 0 
-0.1 -0.15 -0.05 0 0.05 -0.05 
-0.1 -0.05 -0.15 0.05 0 0.05 
-0.1 -0.05 -0.15 -0.05 0 0.05 
-0.1 -0.05 -0.15 0.05 -0.05 0 
-0.1 -0.05 -0.15 -0.05 -0.05 0 
-0.1 -0.05 -0.15 0.05 0 -0.05 
-0.1 -0.05 -0.15 -0.05 0 -0.05 
-0.1 -0.05 -0.15 0 -0.05 -0.05 
-0.1 -0.05 -0.15 0 -0.05 0.05 
-0.1 -0.05 -0.15 0 0.05 0.05 
-0.1 -0.05 -0.15 -0.05 0.05 0 
-0.1 -0.05 -0.15 0 0.05 -0.05 
-0.1 -0.05 -0.15 0.05 0.05 0 
-0.1 -0.05 -0.05 0.05 0.05 0.05 
-0.1 -0.05 -0.05 0.05 0.05 -0.05 
-0.1 -0.05 -0.05 -0.05 0.05 0.05 
-0.1 -0.05 -0.05 -0.05 0.05 -0.05 
-0.05 -0.05 -0.05 0 0 -0.05 
-0.05 -0.05 -0.05 0 -0.05 0 
-0.05 -0.05 -0.05 0 0 0.05 
-0.05 -0.05 -0.05 0.05 0 0 
-0.05 -0.05 -0.05 -0.05 0 0 
-0.15 -0.05 -0.05 0 0.05 -0.05 
-0.15 -0.05 -0.05 0 0.05 0.05 
-0.15 -0.05 -0.05 0.05 0.05 0 
-0.1 -0.1 -1.11022e-16 0 -0.05 -0.1 
-0.1 -0.1 -1.11022e-16 0.05 -0.1 0 
-0.1 -0.1 -1.11022e-16 -0.05 -0.1 0 
-0.1 -0.1 -1.11022e-16 0 -0.1 -0.05 
-0.1 -0.1 -1.11022e-16 0 -0.1 0.05 
-0.1 -0.1 -1.11022e-16 -0.1 -0.05 0 
-0.1 -0.1 -1.11022e-16 0.1 -0.05 0 
-0.1 -0.1 -1.11022e-16 0 -0.05 0.1 
-0.1 -0.05 -0.1 0 0 -0.1 
-0.1 -0.05 -0.1 -0.1 0 0 
-0.1 -0.05 -0.1 0.1 0 0 
-0.1 -0.05 -0.1 0 0.1 0 
-0.1 -0.05 -0.1 0 0 0.1 
-0.05 -0.1 -0.05 -0.05 0 0.05 
-0.05 -0.1 -0.05 -0.05 0 -0.05 
-0.05 -0.1 -0.05 0 -0.05 0.05 
-0.05 -0.1 -0.05 0.05 0 -0.05 
-0.05 -0.1 -0.05 0.05 -0.05 0 
-0.05 -0.1 -0.05 0.05 0 0.05 
-0.05 -0.1 -0.05 0 -0.05 -0.05 
-0.05 -0.1 -0.05 -0.05 -0.05 0 
-0.05 -0.1 -0.05 0 0.05 0.05 
-0.05 -0.1 -0.05 -0.05 0.05 0 
-0.05 -0.1 -0.05 0.05 0.05 0 
-0.05 -0.1 -0.05 0 0.05 -0.05 
-0.15 -0.05 -0.1 0 -0.1 0 
-0.15 -0.1 -1.11022e-16 0 -0.05 -0.1 
-0.15 -0.1 -1.11022e-16 0.05 0 -0.1 
-0.15 -0.1 -1.11022e-16 -0.05 0 -0.1 
-0.15 -0.1 -1.11022e-16 -0.05 -0.1 0 
-0.15 -0.1 -1.11022e-16 0.05 -0.1 0 
-0.15 -0.1 -1.11022e-16 0 -0.1 -0.05 
-0.15 -0.1 -1.11022e-16 0 -0.1 0.05 
-0.15 -0.1 -1.11022e-16 -0.1 -0.05 0 
-0.15 -0.1 -1.11022e-16 -0.1 0 0.05 
-0.15 -0.1 -1.11022e-16 0.1 0 0.05 
-0.15 -0.1 -1.11022e-16 -0.1 0 -0.05 
-0.15 -0.1 -1.11022e-16 0.1 0 -0.05 
-0.15 -0.1 -1.11022e-16 0.1 -0.05 0 
-0.1 -0.15 -0.05 0 0 -0.1 
-0.1 -0.15 -0.05 -0.1 0 0 
-0.1 -0.15 -0.1 0 -0.05 0 
-0.1 -0.15 -0.1 0.05 0 0 
-0.1 -0.15 -0.1 0 0 0.05 
-0.1 -0.15 -0.1 -0.05 0 0 
-0.1 -0.15 -0.1 0 0 -0.05 
-0.15 -0.1 -1.11022e-16 0 -0.05 0.1 
-0.1 -0.15 -0.05 0.1 0 0 
-0.15 -0.1 -1.11022e-16 -0.05 0 0.1 
-0.15 -0.1 -1.11022e-16 0.05 0 0.1 
-0.1 -0.15 -0.1 0 0.05 0 
-0.1 -0.15 -0.05 0 0 0.1 
-0.1 -0.1 -0.1 -0.05 -0.1 -0.05 
-0.1 -0.1 -0.1 0.05 -0.1 -0.05 
-0.1 -0.1 -0.1 0.05 0.05 -0.1 
-0.1 -0.1 -0.1 -0.05 0.05 -0.1 
-0.1 -0.1 -0.1 0.05 -0.05 -0.1 
-0.1 -0.1 -0.1 -0.05 -0.05 -0.1 
-0.1 -0.1 -0.1 0.05 -0.1 0.05 
-0.1 -0.1 -0.1 -0.05 -0.1 0.05 
-0.1 -0.1 -0.1 -0.1 -0.05 -0.05 
-0.1 -0.1 -0.1 0.1 -0.05 -0.05 
-0.1 -0.1 -0.1 -0.1 -0.05 0.05 
-0.1 -0.1 -0.1 0.1 -0.05 0.05 
-0.1 -0.1 -0.1 0.05 0.1 -0.05 
-0.1 -0.1 -0.1 -0.05 0.1 0.05 
-0.1 -0.1 -0.1 -0.05 0.1 -0.05 
-0.1 -0.1 -0.1 0.05 0.1 0.05 
-0.1 -0.1 -0.1 -0.1 0.05 0.05 
-0.1 -0.1 -0.1 0.1 0.05 0.05 
-0.1 -0.1 -0.1 -0.1 0.05 -0.05 
-0.1 -0.1 -0.1 0.1 0.05 -0.05 
-0.1 -0.1 -0.1 -0.05 -0.05 0.1 
-0.1 -0.1 -0.1 0.05 -0.05 0.1 
-0.1 -0.1 -0.1 -0.05 0.05 0.1 
-0.1 -0.1 -0.1 0.05 0.05 0.1 
-0.1 -0.05 -1.11022e-16 0.05 0 0.05 
-0.1 -0.05 -1.11022e-16 0.05 0 -0.05 
-0.1 -0.05 -1.11022e-16 -0.05 0 0.05 
-0.1 -0.05 -1.11022e-16 -0.05 0 -0.05 
-0.1 -0.05 -1.11022e-16 0 -0.05 -0.05 
-0.1 -0.05 -1.11022e-16 0 -0.05 0.05 
-0.1 -0.05 -1.11022e-16 -0.05 -0.05 0 
-0.1 -0.05 -1.11022e-16 0.05 -0.05 0 
-0.05 -0.05 -0.1 0 0 -0.05 
-0.05 -0.05 -0.1 0 -0.05 0 
-0.05 -0.05 -0.1 -0.05 0 0 
-0.05 -0.05 -0.1 0 0 0.05 
-0.05 -0.05 -0.1 0.05 0 0 
-0.05 -0.05 -0.1 0 0.05 0 
-0.05 -0.1 -1.11022e-16 0 -0.05 0 
-0.05 -0.1 -1.11022e-16 0.05 0 0 
-0.05 -0.1 -1.11022e-16 0 0 0.05 
-0.05 -0.1 -1.11022e-16 -0.05 0 0 
-0.05 -0.1 -1.11022e-16 0 0 -0.05 
-0.1 -0.05 -1.11022e-16 0 0.05 0 
-0.1 -0.1 -1.11022e-16 0 0 -0.1 
-0.1 -0.1 -1.11022e-16 -0.1 0 0 
-0.1 -0.1 -1.11022e-16 0.1 0 0 
-0.1 -0.1 -1.11022e-16 0 0.1 0 
-0.1 -0.1 -1.11022e-16 0 0 0.1 
-0.15 -0.05 -1.11022e-16 0.05 -0.05 0 
-0.15 -0.05 -1.11022e-16 -0.05 -0.05 0 
-0.15 -0.05 -1.11022e-16 0 -0.05 0.05 
-0.15 -0.05 -1.11022e-16 0 -0.05 -0.05 
-0.15 -0.05 -1.11022e-16 -0.05 0 -0.05 
-0.15 -0.05 -1.11022e-16 0.05 0 -0.05 
-0.15 -0.05 -1.11022e-16 0.05 0 0.05 
-0.15 -0.05 -1.11022e-16 -0.05 0 0.05 
-0.15 -0.15 0.05 0 -0.05 0 
-0.15 -0.15 0.05 0.05 0 0 
-0.15 -0.15 0.05 0 0 0.05 
-0.15 -0.15 0.05 0 0 -0.05 
-0.15 -0.15 0.05 -0.05 0 0 
-0.15 -0.15 -1.11022e-16 0.05 0.05 0 
-0.15 -0.15 -1.11022e-16 -0.05 0.05 0 
-0.15 -0.15 -1.11022e-16 0 0.05 0.05 
-0.15 -0.15 -1.11022e-16 0 0.05 -0.05 
-0.15 -0.15 0.05 0 0.05 0 
-0.2 -0.1 -1.11022e-16 0 0 0 
-0.15 -0.05 -0.15 0.05 0 0 
-0.15 -0.05 -0.15 -0.05 0 0 
-0.15 -0.05 -0.15 0 0 -0.05 
-0.15 -0.05 -0.15 0 -0.05 0 
-0.15 -0.05 -0.15 0 0 0.05 
-0.15 -0.05 -0.15 0 0.05 0 
-0.15 -0.05 -0.05 0 0 -0.1 
-0.15 -0.05 -0.05 0 -0.1 0 
-0.15 -0.05 -0.05 -0.1 0 0 
-0.15 -0.05 -0.05 0.1 0 0 
-0.15 -0.05 -0.05 0 0 0.1 
-0.15 -0.1 -0.05 -0.05 -0.05 -0.1 
-0.15 -0.1 -0.05 0.05 -0.05 -0.1 
-0.15 -0.1 -0.05 -0.05 -0.1 -0.05 
-0.15 -0.1 -0.05 -0.05 -0.1 0.05 
-0.15 -0.1 -0.05 0.05 -0.1 -0.05 
-0.15 -0.1 -0.05 0.05 -0.1 0.05 
-0.15 -0.1 -0.05 -0.1 -0.05 0.05 
-0.15 -0.1 -0.05 -0.1 -0.05 -0.05 
-0.15 -0.1 -0.05 0.1 -0.05 0.05 
-0.15 -0.1 -0.05 0.1 -0.05 -0.05 
-0.15 -0.1 -0.05 -0.05 0.1 -0.05 
-0.15 -0.1 -0.05 -0.05 0.05 -0.1 
-0.15 -0.1 -0.05 0.05 0.05 -0.1 
-0.15 -0.1 -0.05 0.05 0.1 -0.05 
-0.15 -0.1 -0.05 0.05 0.1 0.05 
-0.15 -0.1 -0.05 -0.05 0.1 0.05 
-0.15 -0.1 -0.05 -0.1 0.05 0.05 
-0.15 -0.1 -0.05 -0.1 0.05 -0.05 
-0.15 -0.1 -0.05 0.1 0.05 -0.05 
-0.15 -0.1 -0.05 0.1 0.05 0.05 
-0.15 -0.1 -0.05 0.05 -0.05 0.1 
-0.15 -0.1 -0.05 -0.05 -0.05 0.1 
-0.15 -0.1 -0.05 -0.05 0.05 0.1 
-0.15 -0.1 -0.05 0.05 0.05 0.1 
-0.15 -0.1 0.05 0.05 0 0 
-0.15 -0.1 0.05 0 0 0.05 
-0.15 -0.1 0.05 0 -0.05 0 
-0.15 -0.1 0.05 0 0 -0.05 
-0.15 -0.1 0.05 -0.05 0 0 
-0.15 -0.1 0.05 0 0.05 0 
-0.1 -0.1 -0.15 -0.05 -0.05 0.05 
-0.1 -0.1 -0.15 0.05 -0.05 0.05 
-0.1 -0.1 -0.15 -0.05 -0.05 -0.05 
-0.1 -0.1 -0.15 0.05 -0.05 -0.05 
-0.1 -0.1 -0.15 -0.05 0.05 -0.05 
-0.1 -0.1 -0.15 0.05 0.05 0.05 
-0.1 -0.1 -0.15 -0.05 0.05 0.05 
-0.1 -0.1 -0.15 0.05 0.05 -0.05 
-0.1 -0.05 -0.1 0.05 -0.1 -0.05 
-0.1 -0.05 -0.1 -0.05 -0.1 -0.05 
-0.1 -0.05 -0.1 -0.05 -0.1 0.05 
-0.1 -0.05 -0.1 0.05 -0.1 0.05 
-0.1 -0.1 -0.05 0.05 -0.05 -0.1 
-0.1 -0.1 -0.05 -0.05 -0.05 -0.1 
-0.1 -0.1 -0.05 0.05 0.05 -0.1 
-0.1 -0.1 -0.05 -0.05 0.05 -0.1 
-0.1 -0.1 -0.05 -0.1 -0.05 0.05 
-0.1 -0.1 -0.05 -0.1 -0.05 -0.05 
-0.1 -0.1 -0.05 0.1 -0.05 0.05 
-0.1 -0.1 -0.05 0.1 -0.05 -0.05 
-0.1 -0.1 -0.05 0.05 0.1 -0.05 
-0.1 -0.1 -0.05 0.05 0.1 0.05 
-0.1 -0.1 -0.05 -0.05 0.1 -0.05 
-0.1 -0.1 -0.05 -0.05 0.1 0.05 
-0.1 -0.1 -0.05 -0.1 0.05 -0.05 
-0.1 -0.1 -0.05 0.1 0.05 0.05 
-0.1 -0.1 -0.05 -0.1 0.05 0.05 
-0.1 -0.1 -0.05 0.1 0.05 -0.05 
-0.1 -0.1 -0.05 -0.05 -0.05 0.1 
-0.1 -0.1 -0.05 0.05 -0.05 0.1 
-0.1 -0.1 -0.05 -0.05 0.05 0.1 
-0.1 -0.1 -0.05 0.05 0.05 0.1 
-0.15 -0.15 -1.11022e-16 0 0 -0.1 
-0.15 -0.15 -1.11022e-16 0 -0.1 0 
-0.15 -0.1 -0.15 0 0 0 
-0.15 -0.15 -1.11022e-16 -0.1 0 0 
-0.15 -0.15 -1.11022e-16 0.1 0 0 
-0.15 -0.15 -1.11022e-16 0 0 0.1 
-0.15 -0.15 -0.05 -0.05 -0.05 0.05 
-0.15 -0.15 -0.05 -0.05 -0.05 -0.05 
-0.15 -0.15 -0.05 0.05 -0.05 -0.05 
-0.15 -0.15 -0.05 0.05 -0.05 0.05 
-0.15 -0.15 -0.05 -0.05 0.05 0.05 
-0.15 -0.15 -0.05 -0.05 0.05 -0.05 
-0.15 -0.15 -0.05 0.05 0.05 0.05 
-0.15 -0.15 -0.05 0.05 0.05 -0.05 
-0.15 -0.1 -0.1 0.05 0 -0.1 
