0 0 0 0 0 0 
0 0 0 0 0 0 
0 0.1 -1.11022e-16 0 0 0 
0 0.1 -1.11022e-16 0 -0.05 0 
-0.1 0.1 -1.11022e-16 0 -0.05 0 
-0.1 0.1 -1.11022e-16 0 -0.1 0 
-0.1 0.1 -1.11022e-16 0 -0.15 0 
-0.1 0.1 -1.11022e-16 0 -0.2 0 
-0.1 0.1 -1.11022e-16 0.1 -0.2 0 
-0.1 0.1 -1.11022e-16 0.2 -0.2 0 
-0.15 0.1 -1.11022e-16 0.2 -0.2 0 
-0.15 0.1 -1.11022e-16 0.3 -0.2 0 
-0.15 0.1 -1.11022e-16 0.3 -0.2 -0.05 
-0.15 0.1 -1.11022e-16 0.3 -0.2 -0.1 
-0.15 0.1 0.1 0.3 -0.2 0 
-0.15 0.1 0.1 0.3 -0.25 0 
-0.15 0.1 0.1 0.3 -0.3 0 
-0.15 0.1 0.1 0.3 -0.35 0 
-0.15 0.1 0.2 0.3 -0.35 0 
-0.15 0.1 0.2 0.3 -0.4 0 
-0.15 0.2 0.2 0.3 -0.4 0 
-0.15 0.2 0.2 0.3 -0.45 0 
-0.15 0.2 0.2 0.4 -0.45 0 
-0.15 0.2 0.2 0.4 -0.45 -0.05 
-0.15 0.2 0.2 0.4 -0.45 -0.1 
-0.15 0.2 0.25 0.4 -0.45 -0.05 
-0.15 0.2 0.25 0.4 -0.5 -0.05 
-0.15 0.2 0.25 0.4 -0.55 -0.05 
-0.15 0.25 0.25 0.4 -0.55 -0.05 
-0.15 0.25 0.25 0.4 -0.55 -0.1 
-0.15 0.25 0.25 0.4 -0.55 -0.15 
-0.15 0.25 0.25 0.35 -0.55 -0.15 
-0.15 0.25 0.25 0.35 -0.55 -0.1 
-0.15 0.25 0.25 0.4 -0.55 -0.2 
-0.15 0.25 0.25 0.35 -0.55 -0.2 
-0.15 0.25 0.25 0.3 -0.55 -0.15 
-0.15 0.25 0.25 0.3 -0.55 -0.2 
-0.15 0.25 0.25 0.35 -0.55 -0.25 
-0.15 0.25 0.25 0.4 -0.55 -0.25 
-0.15 0.25 0.25 0.3 -0.55 -0.25 
-0.15 0.25 0.25 0.35 -0.55 -0.3 
-0.15 0.25 0.25 0.4 -0.55 -0.1 
-0.15 0.25 0.25 0.4 -0.55 -0.15 
-0.15 0.25 0.25 0.4 -0.55 -0.05 
-0.15 0.25 0.25 0.35 -0.55 -0.1 
-0.15 0.25 0.25 0.35 -0.55 -0.15 
-0.15 0.25 0.25 0.35 -0.55 -0.05 
-0.15 0.25 0.25 0.4 -0.55 -0.2 
-0.15 0.25 0.25 0.4 -0.55 0 
-0.15 0.25 0.25 0.3 -0.55 -0.1 
-0.15 0.25 0.25 0.35 -0.55 -0.2 
-0.15 0.25 0.25 0.3 -0.55 -0.15 
-0.15 0.25 0.25 0.3 -0.55 -0.05 
-0.15 0.25 0.25 0.35 -0.55 0 
-0.15 0.25 0.25 0.3 -0.55 -0.2 
-0.15 0.25 0.25 0.4 -0.55 -0.25 
-0.15 0.25 0.3 0.4 -0.55 -0.1 
-0.15 0.25 0.3 0.4 -0.6 -0.1 
-0.15 0.3 0.3 0.4 -0.6 -0.1 
-0.15 0.3 0.3 0.4 -0.65 -0.1 
-0.15 0.3 0.3 0.5 -0.65 -0.1 
-0.15 0.3 0.4 0.5 -0.65 -0.1 
-0.15 0.3 0.4 0.5 -0.7 -0.1 
-0.15 0.4 0.4 0.5 -0.7 -0.1 
-0.15 0.4 0.4 0.5 -0.75 -0.1 
-0.15 0.4 0.4 0.5 -0.8 -0.1 
-0.15 0.4 0.4 0.5 -0.85 -0.1 
-0.15 0.5 0.4 0.5 -0.85 -0.1 
-0.15 0.5 0.4 0.5 -0.9 -0.1 
-0.15 0.5 0.4 0.5 -0.95 -0.1 
-0.15 0.6 0.4 0.5 -0.95 -0.1 
