0 0 0
1 0 0
2 0 0
3 0 0
4 0 0
5 0 0
6 0 0
7 0 0
8 0 1
9 0 1
10 0 1
11 0 1
12 0 1
13 0 1
14 0 1
15 0 1
16 0 1
17 0 1
18 0 1
19 0 1
20 0 1
21 0 1
22 0 1
23 0 1
24 0 0
25 0 0
26 0 0
27 0 0
28 0 0
29 0 0
30 0 0
31 0 0
32 0 0
33 0 0
34 0 0
35 0 0
36 0 0
37 0 0
38 0 0
39 0 0
40 0 0
41 0 0
42 0 0
43 1 0
44 1 0
45 1 0
46 1 0
47 1 0
48 1 0
49 1 0
50 1 0
51 1 0
52 1 0
53 1 0
54 1 1
55 1 1
56 1 1
57 1 1
58 1 1
59 1 1
60 1 1
61 1 1
62 1 1
63 1 1
64 1 1
65 1 1
66 1 1
67 1 1
68 1 1
69 1 1
70 1 1
71 1 1
72 1 1
73 1 1
74 1 1
75 1 1
76 1 1
77 1 1
78 1 1
79 1 1
80 1 1
81 1 1
82 1 1
83 1 1
84 1 1
85 1 1
86 1 1
87 1 1
88 1 1
89 2 0
90 2 0
91 2 0
92 2 0
93 2 0
94 2 0
95 2 0
96 2 0
97 2 0
98 2 0
99 2 0
100 2 0
101 2 0
102 2 1
103 2 1
104 2 1
105 2 1
106 2 1
107 2 1
108 2 1
109 2 1
110 2 1
111 2 1
112 2 1
113 2 1
114 2 1
115 2 1
116 2 1
117 2 1
118 2 1
119 2 1
120 2 1
121 2 1
122 2 1
123 2 1
124 2 1
125 2 1
126 2 1
127 2 1
128 2 1
129 2 1
130 2 1
131 2 1
132 2 1
133 2 1
134 2 1
135 2 1
136 2 1
137 3 0
138 3 0
139 3 0
140 3 0
141 3 0
142 3 0
143 3 0
144 3 0
145 3 0
146 3 0
147 3 0
148 3 0
149 3 1
150 3 1
151 3 1
152 3 1
153 3 1
154 3 1
155 3 1
156 3 1
157 3 1
158 3 1
159 3 1
160 3 1
161 3 1
162 3 1
163 3 1
164 3 1
165 3 1
166 3 1
167 3 1
168 3 1
169 3 1
170 3 1
171 3 1
172 3 1
173 3 1
174 3 1
175 3 1
176 3 1
177 3 1
178 3 1
179 3 1
180 4 0
181 4 0
182 4 0
183 4 0
184 4 0
185 4 0
186 4 0
187 4 0
188 4 0
189 4 0
190 4 0
191 4 0
192 4 0
193 4 0
194 4 0
195 4 0
196 4 0
197 4 0
198 4 1
199 4 1
200 4 1
201 4 1
202 4 1
203 4 1
204 4 1
205 4 1
206 4 1
207 4 1
208 4 1
209 4 1
210 4 1
211 4 1
212 4 1
213 4 1
214 4 1
215 4 1
216 4 1
217 4 1
218 4 1
219 4 1
220 4 1
221 4 1
222 4 1
223 4 0
224 4 0
225 4 0
226 4 0
227 5 0
228 5 0
229 5 0
230 5 0
231 5 0
232 5 0
233 5 0
234 5 0
235 5 0
236 5 0
237 5 0
238 5 0
239 5 0
240 5 0
241 5 0
242 5 0
243 5 0
244 5 0
245 5 0
246 5 0
247 5 0
248 5 0
249 5 0
250 5 1
251 5 1
252 5 1
253 5 1
254 5 1
255 5 1
256 5 1
257 5 1
258 5 1
259 5 1
260 5 1
261 5 1
262 5 1
263 5 1
264 5 1
265 5 1
266 5 1
267 5 1
268 5 1
269 5 1
270 5 1
271 5 1
272 5 1
273 5 1
274 5 1
275 5 1
276 6 0
277 6 0
278 6 0
279 6 0
280 6 0
281 6 0
282 6 0
283 6 0
284 6 0
285 6 0
286 6 0
287 6 0
288 6 0
289 6 0
290 6 0
291 6 0
292 6 0
293 6 0
294 6 0
295 6 0
296 6 0
297 6 0
298 6 0
299 6 0
300 6 0
301 6 0
302 6 1
303 6 1
304 6 1
305 6 1
306 6 1
307 6 1
308 6 1
309 6 1
310 6 1
311 6 1
312 6 1
313 6 0
314 6 0
315 6 0
316 6 0
317 6 0
318 6 0
319 6 0
320 6 0
321 6 0
322 6 0
323 6 0
324 6 0
325 7 0
326 7 0
327 7 0
328 7 0
329 7 0
330 7 0
331 7 0
332 7 0
333 7 0
334 7 0
335 7 0
336 7 0
337 7 0
338 7 0
339 7 0
340 7 0
341 7 0
342 7 0
343 7 0
344 7 0
345 7 0
346 7 0
347 7 1
348 7 1
349 7 1
350 7 1
351 7 1
352 7 1
353 7 1
354 7 1
355 7 0
356 7 0
357 7 0
358 7 0
359 7 0
360 7 0
361 7 0
362 7 0
363 7 0
364 7 0
365 7 0
366 7 0
367 7 0
368 8 0
369 8 0
370 8 0
371 8 0
372 8 0
373 8 0
374 8 0
375 8 0
376 8 0
377 8 0
378 8 0
379 8 0
380 8 0
381 8 0
382 8 0
383 8 0
384 8 0
385 8 0
386 8 1
387 8 1
388 8 1
389 8 1
390 8 1
391 8 1
392 8 0
393 8 0
394 8 0
395 8 0
396 8 0
397 8 0
398 8 0
399 8 0
400 8 0
401 8 0
402 8 0
403 8 0
404 9 0
405 9 0
406 9 0
407 9 0
408 9 0
409 9 0
410 9 0
411 9 0
412 9 0
413 9 0
414 9 0
415 9 0
416 9 0
417 9 0
418 9 0
419 9 0
420 9 0
421 9 0
422 9 0
423 9 0
424 9 0
425 9 0
426 9 0
427 9 0
428 9 0
429 9 0
430 9 0
431 10 0
432 10 0
433 10 0
434 10 0
435 10 0
436 10 0
437 10 0
438 10 0
439 10 0
440 10 0
441 10 0
442 10 0
443 10 0
444 10 0
445 10 0
446 10 0
447 10 0
448 10 0
449 10 0
450 10 0
451 10 0
452 10 0
453 10 0
454 10 0
455 10 0
456 10 0
457 10 0
458 10 0
459 10 0
460 10 0
461 10 0
462 10 0
463 10 0
464 10 0
465 10 0
466 10 0
467 11 0
468 11 0
469 11 0
470 11 0
471 11 0
472 11 0
473 11 0
474 11 0
475 11 0
476 11 0
477 11 0
478 11 0
479 11 0
480 11 0
481 11 0
482 11 0
483 11 0
484 11 0
485 11 0
486 11 0
487 11 0
488 11 0
489 11 0
490 11 0
491 11 0
492 11 0
493 11 0
494 11 0
495 11 0
496 11 0
497 11 0
498 11 0
499 11 0
500 11 0
501 12 0
502 12 0
503 12 0
504 12 0
505 12 0
506 12 0
507 12 0
508 12 0
509 12 0
510 12 0
511 13 0
512 13 0
513 13 0
514 13 0
515 13 0
516 13 0
517 13 0
518 13 0
519 13 0
520 13 0
521 13 0
522 13 0
523 13 0
524 13 0
525 13 0
526 13 0
527 13 0
528 13 0
529 13 0
530 13 0
531 13 0
532 13 0
533 13 0
534 13 0
535 13 0
536 13 0
537 13 0
538 13 0
539 14 0
540 14 0
541 14 0
542 14 0
543 14 0
544 14 0
545 14 0
546 14 0
547 14 0
548 14 0
549 14 0
550 14 0
551 14 0
552 14 0
553 14 0
554 14 0
555 14 0
556 14 0
557 14 0
558 14 0
559 14 0
560 14 0
561 14 0
562 14 0
563 14 0
564 14 0
565 14 0
566 14 0
567 14 0
568 14 0
569 14 0
570 14 0
571 14 0
572 14 0
573 14 0
574 14 0
575 14 0
576 14 0
577 15 1
578 15 1
579 15 1
580 15 1
581 15 1
582 15 1
583 15 1
584 15 1
585 15 1
586 15 1
587 15 1
588 15 1
589 15 1
590 15 1
591 15 1
592 15 1
593 15 1
594 15 1
595 15 0
596 15 0
597 15 0
598 15 0
599 15 0
600 15 0
601 15 0
602 15 0
603 15 0
604 15 0
605 15 0
606 15 0
607 15 0
608 15 0
609 15 0
610 15 0
611 15 0
612 15 0
613 15 0
614 15 0
615 15 0
616 16 1
617 16 1
618 16 1
619 16 1
620 16 1
621 16 1
622 16 1
623 16 1
624 16 1
625 16 1
626 16 1
627 16 1
628 16 1
629 16 1
630 16 1
631 16 1
632 16 1
633 16 1
634 16 1
635 16 1
636 16 1
637 16 1
638 16 1
639 16 1
640 16 1
641 16 1
642 16 1
643 16 1
644 16 1
645 16 0
646 16 0
647 16 0
648 16 0
649 16 0
650 16 0
651 16 0
652 17 0
653 17 0
654 17 0
655 17 0
656 17 0
657 17 0
658 17 0
659 17 0
660 17 0
661 17 0
662 17 0
663 17 0
664 17 0
665 17 0
666 17 0
667 17 0
668 17 0
669 17 0
670 17 0
671 17 0
672 17 0
673 17 0
674 17 0
675 17 0
676 17 0
677 17 0
678 17 0
679 17 0
680 18 0
681 18 0
682 18 0
683 18 0
684 18 0
685 18 0
686 18 0
687 18 0
688 18 0
689 18 0
690 18 1
691 18 1
692 18 1
693 18 1
694 18 1
695 18 1
696 18 1
697 18 1
698 18 1
699 18 0
700 18 0
701 18 0
702 18 0
703 18 0
704 18 0
705 18 0
706 18 0
707 18 0
708 18 0
709 18 0
710 18 0
711 18 0
712 18 0
713 18 0
714 18 0
715 18 0
716 18 0
717 18 0
718 18 0
719 19 1
720 19 1
721 19 1
722 19 1
723 19 1
724 19 1
725 19 1
726 19 1
727 19 1
728 19 1
729 19 1
730 19 1
731 19 1
732 19 1
733 19 1
734 19 1
735 19 1
736 19 1
737 19 1
738 19 1
739 19 1
740 19 0
741 19 1
742 19 0
743 19 0
744 19 1
745 19 0
746 19 0
747 19 0
748 19 0
749 19 0
750 19 0
751 19 0
752 19 0
753 19 0
754 19 0
755 19 0
756 19 0
757 19 0
758 19 0
759 19 0
760 20 1
761 20 1
762 20 1
763 20 1
764 20 1
765 20 1
766 20 1
767 20 1
768 20 1
769 20 1
770 20 1
771 20 1
772 20 1
773 20 1
774 20 1
775 20 1
776 20 1
777 20 1
778 20 1
779 20 1
780 20 1
781 20 1
782 20 1
783 20 1
784 20 1
785 20 1
786 20 1
787 20 1
788 20 1
789 20 1
790 20 1
791 20 0
792 20 0
793 20 1
794 20 0
795 20 0
796 20 0
797 20 0
798 20 0
799 20 0
800 21 0
801 21 0
802 21 0
803 21 0
804 21 0
805 21 0
806 21 0
807 21 0
808 21 1
809 21 1
810 21 0
811 21 0
812 21 0
813 21 0
814 21 0
815 21 0
816 21 0
817 21 0
818 21 0
819 21 0
820 21 0
821 21 0
822 21 0
823 21 0
824 21 0
825 21 0
826 21 0
827 21 0
828 22 0
829 22 0
830 22 0
831 22 0
832 22 0
833 22 1
834 22 1
835 22 1
836 22 1
837 22 1
838 22 1
839 22 1
840 22 1
841 22 1
842 22 1
843 22 0
844 22 0
845 22 1
846 22 0
847 22 0
848 22 0
849 22 0
850 22 0
851 22 0
852 22 0
853 22 0
854 22 0
855 22 0
856 22 0
857 22 0
858 22 0
859 22 0
860 22 0
861 22 0
862 22 0
863 22 0
864 23 1
865 23 1
866 23 1
867 23 1
868 23 1
869 23 1
870 23 1
871 23 1
872 23 1
873 23 1
874 23 1
875 23 1
876 23 0
877 23 0
878 23 0
879 23 0
880 23 0
881 23 0
882 23 0
883 23 0
884 23 0
885 23 0
886 23 0
887 23 0
888 23 0
889 23 0
890 23 0
891 23 0
892 23 0
893 23 0
894 23 0
895 23 0
896 23 0
897 23 0
898 23 0
899 23 0
900 24 1
901 24 1
902 24 1
903 24 1
904 24 1
905 24 0
906 24 0
907 24 1
908 24 1
909 24 0
910 24 0
911 24 0
912 24 0
913 24 1
914 24 0
915 24 0
916 24 0
917 24 0
918 24 1
919 24 0
920 24 0
921 24 0
922 24 0
923 24 0
924 24 0
925 24 0
926 24 0
927 24 0
928 24 0
929 24 0
930 24 0
931 24 0
932 24 0
933 24 0
934 24 0
935 24 0
936 24 0
937 24 0
938 24 0
939 24 0
940 24 0
941 25 0
942 25 0
943 25 0
944 25 0
945 25 0
946 25 0
947 25 0
948 25 0
949 25 1
950 25 1
951 25 1
952 25 0
953 25 0
954 25 0
955 25 0
956 25 0
957 25 0
958 25 0
959 25 0
960 25 0
961 25 0
962 25 0
963 25 0
964 25 0
965 25 0
966 25 0
967 25 0
968 25 0
969 26 0
970 26 0
971 26 1
972 26 1
973 26 1
974 26 1
975 26 1
976 26 1
977 26 1
978 26 1
979 26 1
980 26 1
981 26 1
982 26 0
983 26 0
984 26 0
985 26 0
986 26 0
987 26 0
988 26 0
989 26 0
990 26 0
991 26 0
992 26 0
993 26 0
994 26 0
995 26 0
996 26 0
997 26 0
998 26 0
999 26 0
1000 26 0
1001 26 0
1002 27 1
1003 27 1
1004 27 1
1005 27 1
1006 27 0
1007 27 1
1008 27 1
1009 27 0
1010 27 1
1011 27 0
1012 27 0
1013 27 0
1014 27 0
1015 27 0
1016 27 0
1017 27 0
1018 27 0
1019 27 0
1020 27 0
1021 27 0
1022 27 0
1023 27 0
1024 27 0
1025 27 0
1026 27 0
1027 27 0
1028 27 0
1029 27 0
1030 27 0
1031 27 0
1032 27 0
1033 27 0
1034 27 0
1035 27 0
1036 27 0
1037 28 0
1038 28 0
1039 28 0
1040 28 0
1041 28 0
1042 28 0
1043 28 0
1044 28 0
1045 28 0
1046 28 0
1047 28 0
1048 28 0
1049 28 0
1050 28 0
1051 28 0
1052 28 0
1053 28 0
1054 28 0
1055 28 0
1056 28 0
1057 28 0
1058 28 0
1059 28 0
1060 28 0
1061 28 0
1062 28 0
1063 28 0
1064 28 0
1065 28 0
1066 28 0
1067 28 0
1068 28 0
1069 29 0
1070 29 0
1071 29 0
1072 29 0
1073 29 0
1074 29 0
1075 29 0
1076 29 1
1077 29 1
1078 29 0
1079 29 1
1080 29 0
1081 29 0
1082 29 0
1083 29 0
1084 29 0
1085 29 0
1086 29 0
1087 29 0
1088 29 0
1089 29 0
1090 29 0
1091 29 0
1092 29 0
1093 29 0
1094 29 0
1095 29 0
1096 29 0
1097 30 0
1098 30 0
1099 30 0
1100 30 0
1101 30 0
1102 30 0
1103 30 0
1104 30 0
1105 30 1
1106 30 1
1107 30 1
1108 30 1
1109 30 1
1110 30 0
1111 30 0
1112 30 1
1113 30 0
1114 30 0
1115 30 0
1116 30 0
1117 30 0
1118 30 0
1119 30 0
1120 30 0
1121 30 0
1122 30 0
1123 30 0
1124 30 0
1125 30 0
1126 30 0
1127 30 0
1128 30 0
1129 30 0
1130 30 0
1131 30 0
1132 31 0
1133 31 0
1134 31 0
1135 31 0
1136 31 0
1137 31 0
1138 31 0
1139 31 0
1140 31 1
1141 31 1
1142 31 1
1143 31 0
1144 31 0
1145 31 1
1146 31 0
1147 31 0
1148 31 0
1149 31 0
1150 31 0
1151 31 0
1152 31 0
1153 31 0
1154 31 0
1155 31 0
1156 31 0
1157 31 0
1158 31 0
1159 31 0
1160 31 0
1161 31 0
1162 31 0
1163 31 0
1164 31 0
1165 31 0
1166 31 0
1167 31 0
1168 31 0
1169 31 0
1170 31 0
1171 31 0
1172 31 0
1173 31 0
1174 32 0
1175 32 0
1176 32 0
1177 32 0
1178 32 0
1179 32 0
1180 32 0
1181 32 0
1182 32 0
1183 32 0
1184 32 0
1185 32 0
1186 33 0
1187 33 0
1188 33 0
1189 33 0
1190 33 0
1191 33 0
1192 33 0
1193 33 1
1194 33 1
1195 33 1
1196 33 1
1197 33 1
1198 33 1
1199 33 1
1200 33 1
1201 33 1
1202 33 1
1203 33 1
1204 33 1
1205 33 1
1206 33 1
1207 33 0
1208 33 1
1209 33 0
1210 33 1
1211 33 1
1212 34 0
1213 34 0
1214 34 0
1215 34 0
1216 34 0
1217 34 0
1218 34 0
1219 34 0
1220 34 0
1221 34 0
1222 34 0
1223 34 0
1224 34 0
1225 34 0
1226 34 0
1227 34 0
1228 34 0
1229 34 0
1230 34 0
1231 34 0
1232 34 0
1233 34 0
1234 34 0
1235 34 0
1236 34 0
1237 34 0
1238 34 0
1239 34 0
1240 34 0
1241 34 0
1242 34 0
1243 34 0
1244 35 0
1245 35 0
1246 35 0
1247 35 0
1248 35 0
1249 35 1
1250 35 1
1251 35 0
1252 35 0
1253 35 0
1254 35 0
1255 35 0
1256 35 0
1257 35 0
1258 35 0
1259 35 0
1260 35 0
1261 35 0
1262 35 0
1263 35 0
1264 35 0
1265 35 0
1266 35 0
1267 35 0
1268 35 0
1269 35 0
1270 35 0
1271 35 0
1272 35 0
1273 35 0
1274 35 0
1275 35 0
1276 35 0
1277 36 0
1278 36 0
1279 36 0
1280 36 0
1281 36 0
1282 36 0
1283 36 0
1284 36 0
1285 36 0
1286 36 0
1287 36 0
1288 36 0
1289 36 0
1290 36 0
1291 36 0
1292 36 0
1293 36 0
1294 36 0
1295 36 0
1296 37 0
1297 37 0
1298 37 0
1299 37 0
1300 37 0
1301 37 0
1302 37 0
1303 37 1
1304 37 0
1305 37 0
1306 37 0
1307 37 0
1308 37 0
1309 37 0
1310 37 0
1311 37 0
1312 37 0
1313 37 0
1314 37 0
1315 37 0
1316 37 0
1317 37 0
1318 37 1
1319 37 0
1320 37 0
1321 38 0
1322 38 0
1323 38 0
1324 38 0
1325 38 0
1326 38 0
1327 38 0
1328 38 0
1329 38 1
1330 38 0
1331 38 0
1332 38 0
1333 38 0
1334 38 0
1335 38 0
1336 38 0
1337 38 0
1338 38 0
1339 38 0
1340 38 0
1341 38 0
1342 38 0
1343 38 0
1344 38 0
1345 38 0
1346 38 0
1347 38 0
1348 38 0
1349 39 0
1350 39 0
1351 39 0
1352 39 0
1353 39 0
1354 39 0
1355 39 0
1356 39 0
1357 39 0
1358 39 0
1359 39 0
1360 39 0
1361 39 0
1362 39 0
1363 39 0
1364 39 0
1365 39 0
1366 39 0
1367 39 0
1368 39 0
1369 39 0
1370 39 0
1371 39 0
1372 39 0
1373 39 0
1374 39 0
1375 39 0
1376 39 0
1377 39 0
1378 39 0
1379 39 0
1380 40 0
1381 40 0
1382 40 0
1383 40 0
1384 40 0
1385 40 0
1386 40 0
1387 40 0
1388 40 0
1389 40 0
1390 40 0
1391 40 0
1392 40 0
1393 40 0
1394 40 0
1395 40 0
1396 40 0
1397 40 0
1398 40 0
1399 40 0
1400 40 0
1401 40 0
1402 40 0
1403 41 0
1404 41 0
1405 41 0
1406 41 0
1407 41 0
1408 41 0
1409 41 0
1410 41 0
1411 41 0
1412 41 0
1413 41 0
1414 41 0
1415 41 0
1416 41 0
1417 41 0
1418 41 0
1419 41 0
1420 41 0
1421 41 0
1422 41 0
1423 41 0
1424 41 0
1425 42 0
1426 42 0
1427 42 0
1428 42 0
1429 42 0
1430 42 0
1431 42 0
1432 42 0
1433 42 0
1434 42 0
1435 42 0
1436 42 0
1437 42 0
1438 42 0
1439 42 0
1440 42 0
1441 42 0
1442 42 0
1443 42 0
1444 42 0
1445 42 0
1446 42 0
1447 42 0
1448 42 0
1449 42 0
1450 42 0
1451 43 0
1452 43 0
1453 43 0
1454 43 0
1455 43 0
1456 43 0
1457 43 0
1458 43 0
1459 43 0
1460 43 0
1461 43 0
1462 43 0
1463 43 0
1464 43 0
1465 43 0
1466 43 0
1467 43 0
1468 43 0
1469 43 0
1470 43 0
1471 43 0
1472 43 0
1473 43 0
1474 43 0
1475 43 0
1476 43 0
1477 43 0
1478 44 0
1479 44 0
1480 44 0
1481 44 0
1482 44 0
1483 44 0
1484 44 0
1485 44 0
1486 44 0
1487 44 0
1488 44 0
1489 44 0
1490 44 0
1491 44 0
1492 44 0
1493 44 0
1494 44 0
1495 44 0
1496 44 0
1497 44 0
1498 44 0
1499 44 0
1500 44 0
1501 44 0
1502 44 0
1503 44 0
1504 45 0
1505 45 0
1506 45 0
1507 45 0
1508 45 0
1509 45 0
1510 45 0
1511 45 0
1512 45 0
1513 45 0
1514 45 0
1515 45 0
1516 45 0
1517 45 0
1518 45 0
1519 45 0
1520 46 0
1521 46 0
1522 46 0
1523 46 0
1524 46 0
1525 46 0
1526 46 0
1527 46 0
1528 46 0
1529 46 0
1530 46 0
1531 46 0
1532 46 0
1533 46 0
1534 46 0
1535 46 0
1536 46 0
1537 46 0
1538 46 0
1539 47 0
1540 47 0
1541 47 0
1542 47 0
1543 47 0
1544 47 0
1545 47 0
1546 47 0
1547 47 0
1548 47 0
1549 47 0
1550 47 0
1551 47 0
1552 47 0
1553 47 0
1554 47 0
1555 47 0
1556 47 0
1557 47 0
1558 47 0
1559 47 0
1560 48 0
1561 48 0
1562 48 0
1563 48 0
1564 48 0
1565 48 0
1566 48 0
1567 48 0
1568 48 0
1569 48 0
1570 48 0
1571 48 0
1572 48 0
1573 48 0
1574 48 0
1575 48 0
1576 48 0
1577 49 0
1578 49 0
1579 49 0
1580 49 0
1581 49 0
1582 49 0
1583 49 0
1584 52 0
1585 52 0
1586 52 0
1587 52 0
1588 52 0
1589 52 0
1590 52 0
1591 52 0
1592 52 0
1593 52 0
1594 52 0
1595 52 0
1596 52 0
1597 52 0
1598 52 0
1599 52 0
1600 52 0
1601 53 0
1602 53 0
1603 53 0
1604 53 0
1605 53 0
1606 53 0
1607 53 0
1608 53 0
1609 53 0
1610 53 0
1611 53 0
1612 53 0
1613 53 0
1614 53 0
1615 53 0
1616 53 0
1617 53 0
1618 53 0
1619 53 0
1620 53 0
1621 53 0
1622 54 0
1623 54 0
1624 54 0
1625 54 0
1626 54 0
1627 54 0
1628 54 0
1629 54 0
1630 54 0
1631 54 0
1632 54 0
1633 54 0
1634 54 0
1635 54 0
1636 54 0
1637 54 0
1638 54 0
1639 54 0
1640 54 0
1641 54 0
1642 54 0
1643 54 0
1644 54 0
1645 54 0
1646 54 0
1647 54 0
1648 55 0
1649 55 1
1650 55 0
1651 55 0
1652 55 0
1653 55 0
1654 55 0
1655 55 0
1656 55 0
1657 55 0
1658 55 0
1659 55 0
1660 55 0
1661 55 0
1662 55 0
1663 55 0
1664 55 0
1665 55 0
1666 55 0
1667 55 0
1668 55 0
1669 55 0
1670 56 0
1671 56 0
1672 56 0
1673 56 0
1674 56 0
1675 56 0
1676 56 0
1677 56 0
1678 56 0
1679 56 0
1680 56 0
1681 56 0
1682 56 0
1683 56 0
1684 56 0
1685 56 0
1686 56 0
1687 59 0
1688 59 0
1689 59 0
1690 59 0
1691 59 0
1692 59 0
1693 59 0
1694 59 0
1695 59 0
1696 59 0
1697 59 0
1698 59 0
1699 59 0
1700 59 0
1701 59 0
1702 59 0
1703 59 0
1704 59 0
1705 59 0
1706 60 0
1707 60 0
1708 60 0
1709 60 0
1710 60 0
1711 60 0
1712 60 0
1713 60 0
1714 60 0
1715 60 0
1716 60 0
1717 60 0
1718 60 0
1719 60 0
1720 60 0
1721 60 0
1722 60 0
1723 60 0
1724 60 0
1725 60 0
1726 60 0
1727 60 0
1728 60 0
1729 60 0
1730 61 0
1731 61 0
1732 61 0
1733 61 1
1734 61 1
1735 61 1
1736 61 1
1737 61 1
1738 61 1
1739 61 0
1740 61 0
1741 61 0
1742 61 0
1743 61 0
1744 61 0
1745 61 0
1746 61 0
1747 61 0
1748 61 0
1749 61 0
1750 61 0
1751 61 0
1752 61 0
1753 61 0
1754 61 0
1755 61 0
1756 61 0
1757 61 0
1758 62 1
1759 62 1
1760 62 1
1761 62 1
1762 62 0
1763 62 0
1764 62 0
1765 62 0
1766 62 0
1767 62 0
1768 62 0
1769 62 0
1770 62 0
1771 62 0
1772 62 0
1773 62 0
1774 62 0
1775 62 0
1776 62 0
1777 62 0
1778 62 0
1779 62 0
1780 62 0
1781 62 0
1782 62 0
1783 63 1
1784 63 0
1785 63 0
1786 63 0
1787 63 0
1788 63 0
1789 63 0
1790 63 0
1791 63 0
1792 63 0
1793 63 0
1794 63 0
1795 63 0
1796 63 0
1797 63 0
1798 63 0
1799 63 0
1800 63 0
1801 63 0
1802 63 0
1803 63 0
1804 64 0
1805 64 0
1806 64 0
1807 64 0
1808 64 0
1809 64 0
1810 64 0
1811 64 0
1812 64 0
1813 64 0
1814 66 0
1815 66 0
1816 66 0
1817 66 0
1818 66 0
1819 66 0
1820 66 0
1821 66 0
1822 66 0
1823 66 0
1824 66 0
1825 66 0
1826 66 0
1827 66 0
1828 66 0
1829 66 0
1830 66 0
1831 66 0
1832 66 0
1833 66 0
1834 66 0
1835 67 0
1836 67 0
1837 67 0
1838 67 0
1839 67 0
1840 67 0
1841 67 0
1842 67 1
1843 67 0
1844 67 0
1845 67 0
1846 67 0
1847 67 0
1848 67 0
1849 67 0
1850 67 0
1851 67 0
1852 67 0
1853 67 0
1854 67 0
1855 67 0
1856 67 0
1857 67 0
1858 67 0
1859 67 0
1860 67 0
1861 68 1
1862 68 1
1863 68 1
1864 68 1
1865 68 1
1866 68 1
1867 68 1
1868 68 1
1869 68 0
1870 68 0
1871 68 0
1872 68 0
1873 68 0
1874 68 0
1875 68 0
1876 68 0
1877 68 0
1878 68 0
1879 68 0
1880 68 0
1881 68 0
1882 68 0
1883 68 0
1884 68 0
1885 68 0
1886 68 0
1887 69 1
1888 69 1
1889 69 1
1890 69 1
1891 69 1
1892 69 0
1893 69 0
1894 69 0
1895 69 0
1896 69 0
1897 69 0
1898 69 0
1899 69 0
1900 69 0
1901 69 0
1902 69 0
1903 69 0
1904 69 0
1905 69 0
1906 69 0
1907 69 0
1908 69 0
1909 69 0
1910 69 0
1911 69 0
1912 69 0
1913 69 0
1914 70 1
1915 70 0
1916 70 0
1917 70 0
1918 70 0
1919 70 0
1920 70 0
1921 70 0
1922 70 0
1923 70 0
1924 70 0
1925 70 0
1926 70 0
1927 70 0
1928 70 0
1929 70 0
1930 70 0
1931 70 0
1932 70 0
1933 70 0
1934 70 0
1935 70 0
1936 70 0
1937 71 0
1938 71 0
1939 71 0
1940 71 0
1941 71 0
1942 71 0
1943 71 0
1944 71 0
1945 71 0
1946 71 0
1947 71 0
1948 71 0
1949 73 0
1950 73 0
1951 73 0
1952 73 0
1953 73 0
1954 73 0
1955 73 0
1956 73 0
1957 73 0
1958 73 0
1959 73 0
1960 73 0
1961 73 0
1962 73 0
1963 73 0
1964 73 0
1965 73 0
1966 73 0
1967 73 0
1968 73 0
1969 73 0
1970 73 0
1971 74 0
1972 74 0
1973 74 0
1974 74 1
1975 74 1
1976 74 1
1977 74 1
1978 74 1
1979 74 1
1980 74 1
1981 74 1
1982 74 1
1983 74 1
1984 74 1
1985 74 1
1986 74 1
1987 74 1
1988 74 1
1989 74 1
1990 74 1
1991 74 1
1992 74 1
1993 74 1
1994 74 1
1995 75 1
1996 75 1
1997 75 1
1998 75 1
1999 75 1
2000 75 0
2001 75 0
2002 75 0
2003 75 0
2004 75 0
2005 75 0
2006 75 0
2007 75 0
2008 75 0
2009 75 0
2010 75 0
2011 75 0
2012 75 0
2013 75 0
2014 75 0
2015 75 0
2016 75 0
2017 75 0
2018 75 0
2019 75 0
2020 76 1
2021 76 1
2022 76 1
2023 76 1
2024 76 1
2025 76 0
2026 76 1
2027 76 0
2028 76 0
2029 76 0
2030 76 0
2031 76 0
2032 76 0
2033 76 0
2034 76 0
2035 76 0
2036 76 0
2037 76 0
2038 76 0
2039 76 0
2040 76 0
2041 76 0
2042 76 0
2043 76 0
2044 76 0
2045 76 0
2046 76 0
2047 76 0
2048 77 0
2049 77 0
2050 77 0
2051 77 0
2052 77 0
2053 77 0
2054 77 0
2055 77 0
2056 77 0
2057 77 0
2058 77 0
2059 77 0
2060 77 0
2061 77 0
2062 77 0
2063 77 0
2064 77 0
2065 77 0
2066 77 0
2067 78 0
2068 78 0
2069 78 0
2070 78 0
2071 78 0
2072 80 0
2073 80 0
2074 80 0
2075 80 0
2076 80 0
2077 80 1
2078 80 0
2079 80 0
2080 80 0
2081 80 0
2082 80 0
2083 80 0
2084 80 0
2085 80 0
2086 80 0
2087 80 0
2088 80 0
2089 80 0
2090 80 0
2091 80 0
2092 80 0
2093 81 0
2094 81 0
2095 81 0
2096 81 0
2097 81 0
2098 81 1
2099 81 1
2100 81 0
2101 81 0
2102 81 0
2103 81 0
2104 81 0
2105 81 0
2106 81 0
2107 81 0
2108 81 0
2109 81 0
2110 81 0
2111 81 0
2112 81 0
2113 81 0
2114 81 0
2115 81 0
2116 81 0
2117 81 0
2118 82 0
2119 82 0
2120 82 0
2121 82 0
2122 82 0
2123 82 0
2124 82 0
2125 82 0
2126 82 0
2127 82 0
2128 82 0
2129 82 0
2130 82 0
2131 82 0
2132 82 0
2133 82 0
2134 82 0
2135 82 0
2136 82 0
2137 82 0
2138 82 0
2139 82 0
2140 82 0
2141 82 0
2142 82 0
2143 82 0
2144 82 0
2145 82 0
2146 83 0
2147 83 0
2148 83 0
2149 83 0
2150 83 0
2151 83 0
2152 83 0
2153 83 0
2154 83 0
2155 83 0
2156 83 0
2157 83 0
2158 83 0
2159 83 0
2160 83 0
2161 83 0
2162 83 0
2163 83 0
2164 83 0
2165 83 0
2166 83 0
2167 83 0
2168 83 0
2169 83 0
2170 83 0
2171 83 0
2172 83 0
2173 83 0
2174 83 0
2175 84 0
2176 84 0
2177 84 0
2178 84 0
2179 84 0
2180 84 0
2181 84 0
2182 84 0
2183 84 0
2184 85 0
2185 85 0
2186 85 0
2187 85 0
2188 87 0
2189 87 0
2190 87 0
2191 87 0
2192 87 0
2193 87 0
2194 87 0
2195 87 0
2196 87 0
2197 87 0
2198 87 0
2199 87 0
2200 87 0
2201 87 0
2202 87 0
2203 87 0
2204 87 0
2205 87 0
2206 87 0
2207 87 0
2208 88 0
2209 88 0
2210 88 0
2211 88 0
2212 88 0
2213 88 0
2214 88 0
2215 88 0
2216 88 0
2217 88 0
2218 88 0
2219 88 0
2220 88 0
2221 88 0
2222 88 0
2223 88 0
2224 88 0
2225 88 0
2226 88 0
2227 88 0
2228 88 0
2229 88 0
2230 89 0
2231 89 0
2232 89 0
2233 89 0
2234 89 0
2235 89 0
2236 89 0
2237 89 0
2238 89 0
2239 89 0
2240 89 0
2241 89 0
2242 89 0
2243 89 0
2244 89 0
2245 89 0
2246 89 0
2247 89 0
2248 89 0
2249 89 0
2250 89 0
2251 89 0
2252 89 0
2253 89 0
2254 89 0
2255 90 0
2256 90 0
2257 90 0
2258 90 0
2259 90 0
2260 90 0
2261 90 0
2262 90 0
2263 90 0
2264 90 0
2265 90 0
2266 90 0
2267 90 0
2268 90 0
2269 90 0
2270 90 0
2271 90 0
2272 90 0
2273 90 0
2274 90 0
2275 90 0
2276 90 0
2277 91 0
2278 91 0
2279 91 0
2280 91 0
2281 91 0
2282 92 0
2283 92 0
2284 92 0
2285 94 0
2286 94 0
2287 94 0
2288 94 0
2289 94 0
2290 94 0
2291 94 0
2292 94 0
2293 94 0
2294 94 0
2295 94 0
2296 94 0
2297 94 0
2298 94 0
2299 94 0
2300 94 0
2301 94 0
2302 94 0
2303 95 0
2304 95 0
2305 95 0
2306 95 0
2307 95 0
2308 95 0
2309 95 0
2310 95 0
2311 95 0
2312 95 0
2313 95 0
2314 95 0
2315 95 0
2316 95 0
2317 95 0
2318 95 0
2319 95 0
2320 95 0
2321 95 0
2322 95 0
2323 96 0
2324 96 0
2325 96 0
2326 96 0
2327 96 0
2328 96 0
2329 96 0
2330 96 0
2331 96 0
2332 96 0
2333 96 0
2334 96 0
2335 96 0
2336 96 0
2337 96 0
2338 96 0
2339 96 0
2340 96 0
2341 96 0
2342 96 0
2343 96 0
2344 97 0
2345 97 0
2346 97 0
2347 97 0
2348 97 0
2349 97 0
2350 97 0
2351 97 0
2352 97 0
2353 97 0
2354 97 0
2355 97 0
2356 97 0
2357 97 0
2358 97 0
2359 97 0
2360 98 0
2361 98 0
2362 98 0
2363 99 0
2364 99 0
2365 99 0
2366 99 0
2367 101 0
2368 101 0
2369 101 0
2370 101 0
2371 101 0
2372 101 0
2373 101 0
2374 101 0
2375 101 0
2376 101 0
2377 101 0
2378 101 0
2379 101 0
2380 101 0
2381 101 0
2382 101 0
2383 101 0
2384 102 0
2385 102 0
2386 102 0
2387 102 0
2388 102 0
2389 102 0
2390 102 0
2391 102 0
2392 102 0
2393 102 0
2394 102 0
2395 102 0
2396 102 0
2397 102 0
2398 102 0
2399 102 0
2400 102 0
2401 103 0
2402 103 0
2403 103 0
2404 103 0
2405 103 0
2406 103 0
2407 103 0
2408 103 0
2409 103 0
2410 103 0
2411 103 0
2412 103 0
2413 103 0
2414 103 0
2415 103 0
2416 103 0
2417 103 0
2418 103 0
2419 104 0
2420 104 0
2421 104 0
2422 104 0
2423 104 0
2424 104 0
2425 104 0
2426 104 0
2427 104 0
2428 104 0
2429 104 0
2430 104 0
2431 104 0
2432 104 0
2433 104 0
2434 104 0
2435 104 0
2436 104 0
2437 105 0
2438 105 0
2439 105 0
2440 105 0
2441 105 0
2442 105 0
2443 108 0
2444 108 0
2445 108 0
2446 108 0
2447 108 0
2448 108 0
2449 108 0
2450 108 0
2451 108 0
2452 108 0
2453 108 0
2454 108 0
2455 108 0
2456 108 0
2457 108 0
2458 108 0
2459 108 0
2460 108 0
2461 108 0
2462 108 0
2463 108 0
2464 108 0
2465 108 0
2466 108 0
2467 108 0
2468 108 0
2469 108 0
2470 108 0
2471 108 0
2472 108 0
2473 108 0
2474 108 0
2475 108 0
2476 108 0
2477 108 0
2478 108 0
2479 108 0
2480 108 0
2481 108 0
2482 108 0
2483 108 0
2484 108 0
2485 109 0
2486 109 0
2487 109 0
2488 109 0
2489 109 0
2490 109 0
2491 109 0
2492 109 0
2493 109 0
2494 109 0
2495 109 0
2496 109 0
2497 109 0
2498 109 0
2499 109 0
2500 109 0
2501 109 0
2502 109 0
2503 109 0
2504 109 0
2505 109 0
2506 109 0
2507 109 0
2508 109 0
2509 109 0
2510 109 0
2511 109 0
2512 109 0
2513 109 0
2514 109 0
2515 109 0
2516 109 0
2517 109 0
2518 109 0
2519 109 0
2520 109 0
2521 109 0
2522 109 0
2523 109 0
2524 109 0
2525 109 0
2526 109 0
2527 109 0
2528 109 0
2529 109 0
2530 109 0
2531 109 0
2532 109 0
2533 109 0
2534 109 0
2535 109 0
2536 110 0
2537 110 0
2538 110 0
2539 110 0
2540 110 0
2541 110 0
2542 110 0
2543 110 0
2544 110 0
2545 110 0
2546 110 0
2547 110 0
2548 110 0
2549 110 0
2550 110 0
2551 110 0
2552 110 0
2553 110 0
2554 110 0
2555 110 0
2556 110 0
2557 110 0
2558 110 0
2559 110 0
2560 110 0
2561 110 0
2562 110 0
2563 110 0
2564 110 0
2565 110 0
2566 110 0
2567 110 0
2568 110 0
2569 110 0
2570 110 0
2571 110 0
2572 110 0
2573 110 0
2574 110 0
2575 110 0
2576 110 0
2577 110 0
2578 110 0
2579 110 0
2580 110 0
2581 110 0
2582 110 0
2583 110 0
2584 110 0
2585 110 0
2586 110 0
2587 111 0
2588 111 0
2589 111 0
2590 111 0
2591 111 0
2592 111 0
2593 111 0
2594 111 0
2595 111 0
2596 111 0
2597 111 0
2598 111 0
2599 111 0
2600 111 0
2601 111 0
2602 111 0
2603 111 0
2604 111 0
2605 111 0
2606 111 0
2607 111 0
2608 111 0
2609 111 1
2610 111 1
2611 111 1
2612 111 1
2613 111 1
2614 111 1
2615 111 1
2616 111 1
2617 111 1
2618 111 1
2619 111 1
2620 111 1
2621 111 1
2622 111 1
2623 111 1
2624 111 1
2625 112 0
2626 112 0
2627 112 0
2628 112 0
2629 112 0
2630 112 0
2631 112 0
2632 112 0
2633 112 0
2634 112 0
2635 112 0
2636 112 0
2637 112 0
2638 112 0
2639 112 0
2640 112 0
2641 112 0
2642 112 0
2643 112 0
2644 112 1
2645 112 1
2646 112 1
2647 112 1
2648 112 1
2649 112 1
2650 112 1
2651 112 1
2652 112 1
2653 112 1
2654 112 1
2655 112 1
2656 112 1
2657 112 1
2658 112 1
2659 112 1
2660 112 1
2661 113 0
2662 113 0
2663 113 0
2664 113 0
2665 113 0
2666 113 0
2667 113 0
2668 113 0
2669 113 0
2670 113 0
2671 113 0
2672 113 0
2673 113 0
2674 113 0
2675 113 0
2676 113 0
2677 113 0
2678 113 0
2679 113 0
2680 113 0
2681 113 0
2682 113 0
2683 113 0
2684 113 0
2685 113 0
2686 113 0
2687 113 0
2688 113 0
2689 113 0
2690 113 1
2691 113 1
2692 113 1
2693 113 1
2694 113 1
2695 113 1
2696 113 1
2697 113 1
2698 113 1
2699 113 1
2700 113 1
2701 113 1
2702 113 1
2703 113 1
2704 113 1
2705 113 1
2706 114 0
2707 114 0
2708 114 0
2709 114 0
2710 114 0
2711 114 0
2712 114 0
2713 114 0
2714 114 0
2715 114 0
2716 114 0
2717 114 0
2718 114 0
2719 114 0
2720 114 0
2721 114 0
2722 114 0
2723 114 0
2724 114 0
2725 114 0
2726 114 0
2727 114 0
2728 114 0
2729 114 0
2730 114 0
2731 114 0
2732 114 0
2733 114 0
2734 114 0
2735 114 0
2736 114 0
2737 114 0
2738 114 0
2739 114 0
2740 114 0
2741 114 0
2742 114 0
2743 114 1
2744 114 1
2745 114 1
2746 114 1
2747 114 1
2748 114 1
2749 114 1
2750 114 1
2751 114 1
2752 114 1
2753 114 1
2754 114 1
2755 114 1
2756 114 1
2757 115 0
2758 115 0
2759 115 0
2760 115 0
2761 115 0
2762 115 0
2763 115 0
2764 115 0
2765 115 0
2766 115 0
2767 115 0
2768 115 0
2769 115 0
2770 115 0
2771 115 0
2772 115 0
2773 115 0
2774 115 0
2775 115 0
2776 115 0
2777 115 0
2778 115 0
2779 115 0
2780 115 0
2781 115 0
2782 115 0
2783 115 0
2784 115 0
2785 115 0
2786 115 0
2787 115 0
2788 115 0
2789 115 0
2790 115 0
2791 115 0
2792 115 0
2793 115 0
2794 115 1
2795 115 1
2796 115 1
2797 115 1
2798 115 1
2799 115 1
2800 115 1
2801 115 1
2802 115 1
2803 115 1
2804 115 1
2805 115 1
2806 116 0
2807 116 0
2808 116 0
2809 116 0
2810 116 0
2811 116 0
2812 116 0
2813 116 0
2814 116 0
2815 116 0
2816 116 0
2817 116 0
2818 116 0
2819 116 0
2820 116 0
2821 116 0
2822 116 0
2823 116 0
2824 116 0
2825 116 0
2826 116 0
2827 116 0
2828 116 0
2829 116 0
2830 116 0
2831 116 0
2832 116 1
2833 116 1
2834 116 1
2835 116 1
2836 116 1
2837 116 1
2838 116 1
2839 116 1
2840 116 1
2841 117 0
2842 117 0
2843 117 0
2844 117 0
2845 117 0
2846 117 0
2847 117 0
2848 117 0
2849 117 0
2850 117 0
2851 117 0
2852 117 0
2853 117 0
2854 117 0
2855 117 0
2856 117 0
2857 117 0
2858 117 0
2859 117 0
2860 117 0
2861 117 0
2862 117 0
2863 117 0
2864 117 0
2865 117 0
2866 118 0
2867 118 0
2868 118 0
2869 118 0
2870 118 0
2871 118 0
2872 118 0
2873 118 0
2874 118 0
2875 118 0
2876 118 0
2877 118 0
2878 118 0
2879 118 0
2880 118 0
2881 118 0
2882 118 0
2883 118 0
2884 118 0
2885 118 0
2886 118 0
2887 118 0
2888 118 0
2889 118 0
2890 118 0
2891 118 0
2892 118 0
2893 118 0
2894 118 0
2895 118 0
2896 119 0
2897 119 0
2898 119 0
2899 119 0
