0 0 0
1 0 0
2 0 0
3 0 0
4 0 0
5 0 0
6 0 0
7 0 0
8 0 1
9 0 1
10 0 1
11 0 1
12 0 1
13 0 1
14 0 1
15 0 1
16 0 1
17 0 1
18 0 1
19 0 1
20 0 1
21 0 1
22 0 1
23 0 1
24 0 1
25 0 1
26 0 1
27 0 1
28 0 1
29 0 1
30 0 1
31 0 1
32 0 1
33 0 1
34 0 1
35 0 1
36 0 1
37 0 1
38 0 1
39 0 1
40 0 1
41 0 1
42 0 1
43 1 0
44 1 0
45 1 0
46 1 0
47 1 0
48 1 0
49 1 0
50 1 0
51 1 0
52 1 0
53 1 0
54 1 1
55 1 1
56 1 1
57 1 1
58 1 1
59 1 1
60 1 1
61 1 1
62 1 1
63 1 1
64 1 1
65 1 1
66 1 1
67 1 1
68 1 1
69 1 1
70 1 1
71 1 1
72 1 1
73 1 1
74 1 1
75 1 1
76 1 1
77 1 1
78 1 1
79 1 1
80 1 1
81 1 1
82 1 1
83 1 1
84 1 1
85 1 1
86 1 1
87 1 1
88 1 1
89 2 0
90 2 0
91 2 0
92 2 0
93 2 0
94 2 0
95 2 0
96 2 0
97 2 0
98 2 0
99 2 0
100 2 0
101 2 0
102 2 1
103 2 1
104 2 1
105 2 1
106 2 1
107 2 1
108 2 1
109 2 1
110 2 1
111 2 1
112 2 1
113 2 1
114 2 1
115 2 1
116 2 1
117 2 1
118 2 1
119 2 1
120 2 1
121 2 1
122 2 1
123 2 1
124 2 1
125 2 1
126 2 1
127 2 1
128 2 1
129 2 1
130 2 1
131 2 1
132 2 1
133 2 1
134 2 1
135 2 1
136 2 1
137 3 0
138 3 0
139 3 0
140 3 0
141 3 0
142 3 0
143 3 0
144 3 0
145 3 0
146 3 0
147 3 0
148 3 0
149 3 1
150 3 1
151 3 1
152 3 1
153 3 1
154 3 1
155 3 1
156 3 1
157 3 1
158 3 1
159 3 1
160 3 1
161 3 1
162 3 1
163 3 1
164 3 1
165 3 1
166 3 1
167 3 1
168 3 1
169 3 1
170 3 1
171 3 1
172 3 1
173 3 1
174 3 1
175 3 1
176 3 1
177 3 1
178 3 1
179 3 1
180 4 0
181 4 0
182 4 0
183 4 0
184 4 0
185 4 0
186 4 0
187 4 0
188 4 0
189 4 0
190 4 0
191 4 0
192 4 0
193 4 0
194 4 0
195 4 0
196 4 0
197 4 0
198 4 1
199 4 1
200 4 1
201 4 1
202 4 1
203 4 1
204 4 1
205 4 1
206 4 1
207 4 1
208 4 1
209 4 1
210 4 1
211 4 1
212 4 1
213 4 1
214 4 1
215 4 1
216 4 1
217 4 1
218 4 1
219 4 1
220 4 1
221 4 1
222 4 1
223 4 1
224 4 1
225 4 1
226 4 1
227 5 0
228 5 0
229 5 0
230 5 0
231 5 0
232 5 0
233 5 0
234 5 0
235 5 0
236 5 0
237 5 0
238 5 0
239 5 0
240 5 0
241 5 0
242 5 0
243 5 0
244 5 0
245 5 0
246 5 0
247 5 0
248 5 0
249 5 0
250 5 1
251 5 1
252 5 1
253 5 1
254 5 1
255 5 1
256 5 1
257 5 1
258 5 1
259 5 1
260 5 1
261 5 1
262 5 1
263 5 1
264 5 1
265 5 1
266 5 1
267 5 1
268 5 1
269 5 1
270 5 1
271 5 1
272 5 1
273 5 1
274 5 1
275 5 1
276 6 0
277 6 0
278 6 0
279 6 0
280 6 0
281 6 0
282 6 0
283 6 0
284 6 0
285 6 0
286 6 0
287 6 0
288 6 0
289 6 0
290 6 0
291 6 0
292 6 0
293 6 0
294 6 0
295 6 0
296 6 0
297 6 0
298 6 0
299 6 0
300 6 0
301 6 0
302 6 1
303 6 1
304 6 1
305 6 1
306 6 1
307 6 1
308 6 1
309 6 1
310 6 1
311 6 1
312 6 1
313 6 1
314 6 1
315 6 1
316 6 1
317 6 1
318 6 1
319 6 1
320 6 1
321 6 1
322 6 1
323 6 1
324 6 1
325 7 0
326 7 0
327 7 0
328 7 0
329 7 0
330 7 0
331 7 0
332 7 0
333 7 0
334 7 0
335 7 0
336 7 0
337 7 0
338 7 0
339 7 0
340 7 0
341 7 0
342 7 0
343 7 0
344 7 0
345 7 0
346 7 0
347 7 1
348 7 1
349 7 1
350 7 1
351 7 1
352 7 1
353 7 1
354 7 1
355 7 1
356 7 1
357 7 1
358 7 1
359 7 1
360 7 1
361 7 1
362 7 1
363 7 1
364 7 1
365 7 1
366 7 1
367 7 1
368 8 0
369 8 0
370 8 0
371 8 0
372 8 0
373 8 0
374 8 0
375 8 0
376 8 0
377 8 0
378 8 0
379 8 0
380 8 0
381 8 0
382 8 0
383 8 0
384 8 0
385 8 0
386 8 1
387 8 1
388 8 1
389 8 1
390 8 1
391 8 1
392 8 1
393 8 1
394 8 1
395 8 1
396 8 1
397 8 1
398 8 1
399 8 1
400 8 1
401 8 1
402 8 1
403 8 1
404 9 0
405 9 0
406 9 0
407 9 0
408 9 0
409 9 0
410 9 0
411 9 0
412 9 0
413 9 0
414 9 0
415 9 0
416 9 0
417 9 0
418 9 1
419 9 1
420 9 1
421 9 1
422 9 1
423 9 1
424 9 1
425 9 1
426 9 1
427 9 1
428 9 1
429 9 1
430 9 1
431 10 0
432 10 0
433 10 0
434 10 0
435 10 0
436 10 0
437 10 0
438 10 0
439 10 0
440 10 0
441 10 0
442 10 0
443 10 0
444 10 0
445 10 0
446 10 0
447 10 0
448 10 1
449 10 1
450 10 1
451 10 1
452 10 1
453 10 1
454 10 1
455 10 1
456 10 1
457 10 1
458 10 1
459 10 1
460 10 1
461 10 1
462 10 1
463 10 1
464 10 1
465 10 1
466 10 1
467 11 0
468 11 0
469 11 1
470 11 1
471 11 1
472 11 1
473 11 1
474 11 1
475 11 1
476 11 1
477 11 1
478 11 1
479 11 1
480 11 1
481 11 1
482 11 1
483 11 1
484 11 1
485 11 1
486 11 1
487 11 1
488 11 1
489 11 1
490 11 1
491 11 1
492 11 1
493 11 1
494 11 1
495 11 1
496 11 1
497 11 1
498 11 1
499 11 1
500 11 1
501 12 1
502 12 1
503 12 1
504 12 1
505 12 1
506 12 1
507 12 1
508 12 1
509 12 1
510 12 1
511 13 0
512 13 0
513 13 0
514 13 0
515 13 0
516 13 0
517 13 0
518 13 0
519 13 0
520 13 0
521 13 0
522 13 1
523 13 1
524 13 1
525 13 1
526 13 1
527 13 1
528 13 1
529 13 1
530 13 1
531 13 1
532 13 1
533 13 1
534 13 1
535 13 1
536 13 1
537 13 1
538 13 1
539 14 0
540 14 0
541 14 0
542 14 0
543 14 0
544 14 0
545 14 0
546 14 0
547 14 0
548 14 0
549 14 0
550 14 0
551 14 0
552 14 1
553 14 1
554 14 1
555 14 1
556 14 1
557 14 1
558 14 1
559 14 1
560 14 1
561 14 1
562 14 1
563 14 1
564 14 1
565 14 1
566 14 1
567 14 1
568 14 1
569 14 1
570 14 1
571 14 1
572 14 1
573 14 1
574 14 1
575 14 1
576 14 1
577 15 1
578 15 1
579 15 1
580 15 1
581 15 1
582 15 1
583 15 1
584 15 1
585 15 1
586 15 1
587 15 1
588 15 1
589 15 1
590 15 1
591 15 1
592 15 1
593 15 1
594 15 1
595 15 1
596 15 1
597 15 1
598 15 1
599 15 1
600 15 1
601 15 1
602 15 1
603 15 1
604 15 1
605 15 1
606 15 1
607 15 1
608 15 1
609 15 1
610 15 1
611 15 1
612 15 1
613 15 1
614 15 1
615 15 1
616 16 1
617 16 1
618 16 1
619 16 1
620 16 1
621 16 1
622 16 1
623 16 1
624 16 1
625 16 1
626 16 1
627 16 1
628 16 1
629 16 1
630 16 1
631 16 1
632 16 1
633 16 1
634 16 1
635 16 1
636 16 1
637 16 1
638 16 1
639 16 1
640 16 1
