0.98, -0.88, 0.12, 0.4, -0.88, 0.12, 0, 0
0.98, -0.88, 0.12, 0.4, -0.88, 0.36, 1, 1
0.98, -0.88, 0.12, 0.4, -0.88, 0.6, 2, 1
0.98, -0.88, 0.12, 0.4, -0.88, 0.84, 3, 1
0.98, -0.88, 0.12, 0.4, -0.88, 1.08, 4, 1
0.98, -0.88, 0.12, 0.4, -0.88, 1.32, 5, 1
0.98, -0.88, 0.12, 0.4, -0.64, 0.12, 6, 1
0.98, -0.88, 0.12, 0.4, -0.64, 0.36, 7, 1
0.98, -0.88, 0.12, 0.4, -0.64, 0.6, 8, 1
0.98, -0.88, 0.12, 0.4, -0.64, 0.84, 9, 1
0.98, -0.88, 0.12, 0.4, -0.64, 1.08, 10, 1
0.98, -0.88, 0.12, 0.4, -0.64, 1.32, 11, 1
0.98, -0.88, 0.12, 0.4, -0.4, 0.12, 12, 1
0.98, -0.88, 0.12, 0.4, -0.4, 0.36, 13, 1
0.98, -0.88, 0.12, 0.4, -0.4, 0.6, 14, 1
0.98, -0.88, 0.12, 0.4, -0.4, 0.84, 15, 1
0.98, -0.88, 0.12, 0.4, -0.4, 1.08, 16, 1
0.98, -0.88, 0.12, 0.4, -0.4, 1.32, 17, 1
0.98, -0.88, 0.12, 0.4, -0.16, 0.12, 18, 1
0.98, -0.88, 0.12, 0.4, -0.16, 0.36, 19, 1
0.98, -0.88, 0.12, 0.4, -0.16, 0.6, 20, 1
0.98, -0.88, 0.12, 0.4, -0.16, 0.84, 21, 1
0.98, -0.88, 0.12, 0.4, -0.16, 1.08, 22, 1
0.98, -0.88, 0.12, 0.4, -0.16, 1.32, 23, 1
0.98, -0.88, 0.12, 0.4, 0.08, 0.12, 24, 1
0.98, -0.88, 0.12, 0.4, 0.08, 0.36, 25, 1
0.98, -0.88, 0.12, 0.4, 0.08, 0.6, 26, 1
0.98, -0.88, 0.12, 0.4, 0.08, 0.84, 27, 1
0.98, -0.88, 0.12, 0.4, 0.08, 1.08, 28, 1
0.98, -0.88, 0.12, 0.4, 0.08, 1.32, 29, 1
0.98, -0.88, 0.12, 0.4, 0.32, 0.12, 30, 1
0.98, -0.88, 0.12, 0.4, 0.32, 0.36, 31, 1
0.98, -0.88, 0.12, 0.4, 0.32, 0.6, 32, 1
0.98, -0.88, 0.12, 0.4, 0.32, 0.84, 33, 1
0.98, -0.88, 0.12, 0.4, 0.32, 1.08, 34, 1
0.98, -0.88, 0.12, 0.4, 0.32, 1.32, 35, 1
0.98, -0.88, 0.12, 0.4, 0.56, 0.12, 36, 1
0.98, -0.88, 0.12, 0.4, 0.56, 0.36, 37, 1
0.98, -0.88, 0.12, 0.4, 0.56, 0.6, 38, 1
0.98, -0.88, 0.12, 0.4, 0.56, 0.84, 39, 1
0.98, -0.88, 0.12, 0.4, 0.56, 1.08, 40, 1
0.98, -0.88, 0.12, 0.4, 0.56, 1.32, 41, 1
0.98, -0.88, 0.12, 0.4, 0.8, 0.12, 42, 1
0.98, -0.88, 0.12, 0.4, 0.8, 0.36, 43, 1
0.98, -0.88, 0.12, 0.4, 0.8, 0.6, 44, 1
0.98, -0.88, 0.12, 0.4, 0.8, 0.84, 45, 1
0.98, -0.88, 0.12, 0.4, 0.8, 1.08, 46, 1
0.98, -0.88, 0.12, 0.4, 0.8, 1.32, 47, 1
0.98, -0.88, 0.12, 0.4, 1.04, 0.12, 48, 1
0.98, -0.88, 0.12, 0.4, 1.04, 0.36, 49, 1
0.98, -0.88, 0.12, 0.4, 1.04, 0.6, 50, 1
0.98, -0.88, 0.12, 0.4, 1.04, 0.84, 51, 1
0.98, -0.88, 0.12, 0.4, 1.04, 1.08, 52, 1
0.98, -0.88, 0.12, 0.4, 1.04, 1.32, 53, 1
0.98, -0.88, 0.84, 0.4, -0.88, 0.12, 54, 1
0.98, -0.88, 0.84, 0.4, -0.88, 0.36, 55, 1
0.98, -0.88, 0.84, 0.4, -0.88, 0.6, 56, 1
0.98, -0.88, 0.84, 0.4, -0.88, 0.84, 57, 0
0.98, -0.88, 0.84, 0.4, -0.88, 1.08, 58, 1
0.98, -0.88, 0.84, 0.4, -0.88, 1.32, 59, 1
0.98, -0.88, 0.84, 0.4, -0.64, 0.12, 60, 1
0.98, -0.88, 0.84, 0.4, -0.64, 0.36, 61, 1
0.98, -0.88, 0.84, 0.4, -0.64, 0.6, 62, 1
0.98, -0.88, 0.84, 0.4, -0.64, 0.84, 63, 1
0.98, -0.88, 0.84, 0.4, -0.64, 1.08, 64, 1
0.98, -0.88, 0.84, 0.4, -0.64, 1.32, 65, 1
0.98, -0.88, 0.84, 0.4, -0.4, 0.12, 66, 1
0.98, -0.88, 0.84, 0.4, -0.4, 0.36, 67, 1
0.98, -0.88, 0.84, 0.4, -0.4, 0.6, 68, 1
0.98, -0.88, 0.84, 0.4, -0.4, 0.84, 69, 1
0.98, -0.88, 0.84, 0.4, -0.4, 1.08, 70, 1
0.98, -0.88, 0.84, 0.4, -0.4, 1.32, 71, 1
0.98, -0.88, 0.84, 0.4, -0.16, 0.12, 72, 1
0.98, -0.88, 0.84, 0.4, -0.16, 0.36, 73, 1
0.98, -0.88, 0.84, 0.4, -0.16, 0.6, 74, 1
0.98, -0.88, 0.84, 0.4, -0.16, 0.84, 75, 1
0.98, -0.88, 0.84, 0.4, -0.16, 1.08, 76, 1
0.98, -0.88, 0.84, 0.4, -0.16, 1.32, 77, 1
0.98, -0.88, 0.84, 0.4, 0.08, 0.12, 78, 1
0.98, -0.88, 0.84, 0.4, 0.08, 0.36, 79, 1
0.98, -0.88, 0.84, 0.4, 0.08, 0.6, 80, 1
0.98, -0.88, 0.84, 0.4, 0.08, 0.84, 81, 1
0.98, -0.88, 0.84, 0.4, 0.08, 1.08, 82, 1
0.98, -0.88, 0.84, 0.4, 0.08, 1.32, 83, 1
0.98, -0.88, 0.84, 0.4, 0.32, 0.12, 84, 1
0.98, -0.88, 0.84, 0.4, 0.32, 0.36, 85, 1
0.98, -0.88, 0.84, 0.4, 0.32, 0.6, 86, 1
0.98, -0.88, 0.84, 0.4, 0.32, 0.84, 87, 1
0.98, -0.88, 0.84, 0.4, 0.32, 1.08, 88, 1
0.98, -0.88, 0.84, 0.4, 0.32, 1.32, 89, 1
0.98, -0.88, 0.84, 0.4, 0.56, 0.12, 90, 1
0.98, -0.88, 0.84, 0.4, 0.56, 0.36, 91, 1
0.98, -0.88, 0.84, 0.4, 0.56, 0.6, 92, 1
0.98, -0.88, 0.84, 0.4, 0.56, 0.84, 93, 1
0.98, -0.88, 0.84, 0.4, 0.56, 1.08, 94, 1
0.98, -0.88, 0.84, 0.4, 0.56, 1.32, 95, 1
0.98, -0.88, 0.84, 0.4, 0.8, 0.12, 96, 1
0.98, -0.88, 0.84, 0.4, 0.8, 0.36, 97, 1
0.98, -0.88, 0.84, 0.4, 0.8, 0.6, 98, 1
0.98, -0.88, 0.84, 0.4, 0.8, 0.84, 99, 1
0.98, -0.88, 0.84, 0.4, 0.8, 1.08, 100, 1
0.98, -0.88, 0.84, 0.4, 0.8, 1.32, 101, 1
0.98, -0.88, 0.84, 0.4, 1.04, 0.12, 102, 1
0.98, -0.88, 0.84, 0.4, 1.04, 0.36, 103, 1
0.98, -0.88, 0.84, 0.4, 1.04, 0.6, 104, 1
0.98, -0.88, 0.84, 0.4, 1.04, 0.84, 105, 1
0.98, -0.88, 0.84, 0.4, 1.04, 1.08, 106, 1
0.98, -0.88, 0.84, 0.4, 1.04, 1.32, 107, 1
0.98, -0.88, 1.56, -0.88, -0.88, 1.35, 162, 1
0.98, -0.88, 1.56, -0.88, -0.64, 1.35, 163, 1
0.98, -0.88, 1.56, -0.88, -0.4, 1.35, 164, 1
0.98, -0.88, 1.56, -0.88, -0.16, 1.35, 165, 1
0.98, -0.88, 1.56, -0.88, 0.08, 1.35, 166, 1
0.98, -0.88, 1.56, -0.88, 0.32, 1.35, 167, 1
0.98, -0.88, 1.56, -0.64, -0.88, 1.35, 168, 1
0.98, -0.88, 1.56, -0.64, -0.64, 1.35, 169, 1
0.98, -0.88, 1.56, -0.64, -0.4, 1.35, 170, 1
0.98, -0.88, 1.56, -0.64, -0.16, 1.35, 171, 1
0.98, -0.88, 1.56, -0.64, 0.08, 1.35, 172, 1
0.98, -0.88, 1.56, -0.64, 0.32, 1.35, 173, 1
0.98, -0.88, 1.56, -0.4, -0.88, 1.35, 174, 0
0.98, -0.88, 1.56, -0.4, -0.64, 1.35, 175, 1
0.98, -0.88, 1.56, -0.4, -0.4, 1.35, 176, 1
0.98, -0.88, 1.56, -0.4, -0.16, 1.35, 177, 1
0.98, -0.88, 1.56, -0.4, 0.08, 1.35, 178, 1
0.98, -0.88, 1.56, -0.4, 0.32, 1.35, 179, 1
0.98, -0.88, 1.56, -0.16, -0.88, 1.35, 180, 1
0.98, -0.88, 1.56, -0.16, -0.64, 1.35, 181, 1
0.98, -0.88, 1.56, -0.16, -0.4, 1.35, 182, 1
0.98, -0.88, 1.56, -0.16, -0.16, 1.35, 183, 1
0.98, -0.88, 1.56, -0.16, 0.08, 1.35, 184, 1
0.98, -0.88, 1.56, -0.16, 0.32, 1.35, 185, 1
0.98, -0.88, 1.56, 0.08, -0.88, 1.35, 186, 1
0.98, -0.88, 1.56, 0.08, -0.64, 1.35, 187, 1
0.98, -0.88, 1.56, 0.08, -0.4, 1.35, 188, 1
0.98, -0.88, 1.56, 0.08, -0.16, 1.35, 189, 1
0.98, -0.88, 1.56, 0.08, 0.08, 1.35, 190, 1
0.98, -0.88, 1.56, 0.08, 0.32, 1.35, 191, 1
0.98, -0.88, 1.56, 0.32, -0.88, 1.35, 192, 1
0.98, -0.88, 1.56, 0.32, -0.64, 1.35, 193, 1
0.98, -0.88, 1.56, 0.32, -0.4, 1.35, 194, 1
0.98, -0.88, 1.56, 0.32, -0.16, 1.35, 195, 1
0.98, -0.88, 1.56, 0.32, 0.08, 1.35, 196, 1
0.98, -0.88, 1.56, 0.32, 0.32, 1.35, 197, 1
0.98, -0.88, 1.56, 0.4, -0.88, 0.12, 108, 1
0.98, -0.88, 1.56, 0.4, -0.88, 0.36, 109, 1
0.98, -0.88, 1.56, 0.4, -0.88, 0.6, 110, 1
0.98, -0.88, 1.56, 0.4, -0.88, 0.84, 111, 1
0.98, -0.88, 1.56, 0.4, -0.88, 1.08, 112, 1
0.98, -0.88, 1.56, 0.4, -0.88, 1.32, 113, 1
0.98, -0.88, 1.56, 0.4, -0.64, 0.12, 114, 1
0.98, -0.88, 1.56, 0.4, -0.64, 0.36, 115, 1
0.98, -0.88, 1.56, 0.4, -0.64, 0.6, 116, 1
0.98, -0.88, 1.56, 0.4, -0.64, 0.84, 117, 1
0.98, -0.88, 1.56, 0.4, -0.64, 1.08, 118, 1
0.98, -0.88, 1.56, 0.4, -0.64, 1.32, 119, 1
0.98, -0.88, 1.56, 0.4, -0.4, 0.12, 120, 1
0.98, -0.88, 1.56, 0.4, -0.4, 0.36, 121, 1
0.98, -0.88, 1.56, 0.4, -0.4, 0.6, 122, 1
0.98, -0.88, 1.56, 0.4, -0.4, 0.84, 123, 1
0.98, -0.88, 1.56, 0.4, -0.4, 1.08, 124, 1
0.98, -0.88, 1.56, 0.4, -0.4, 1.32, 125, 1
0.98, -0.88, 1.56, 0.4, -0.16, 0.12, 126, 1
0.98, -0.88, 1.56, 0.4, -0.16, 0.36, 127, 1
0.98, -0.88, 1.56, 0.4, -0.16, 0.6, 128, 1
0.98, -0.88, 1.56, 0.4, -0.16, 0.84, 129, 1
0.98, -0.88, 1.56, 0.4, -0.16, 1.08, 130, 1
0.98, -0.88, 1.56, 0.4, -0.16, 1.32, 131, 1
0.98, -0.88, 1.56, 0.4, 0.08, 0.12, 132, 1
0.98, -0.88, 1.56, 0.4, 0.08, 0.36, 133, 1
0.98, -0.88, 1.56, 0.4, 0.08, 0.6, 134, 1
0.98, -0.88, 1.56, 0.4, 0.08, 0.84, 135, 1
0.98, -0.88, 1.56, 0.4, 0.08, 1.08, 136, 1
0.98, -0.88, 1.56, 0.4, 0.08, 1.32, 137, 1
0.98, -0.88, 1.56, 0.4, 0.32, 0.12, 138, 1
0.98, -0.88, 1.56, 0.4, 0.32, 0.36, 139, 1
0.98, -0.88, 1.56, 0.4, 0.32, 0.6, 140, 1
0.98, -0.88, 1.56, 0.4, 0.32, 0.84, 141, 1
0.98, -0.88, 1.56, 0.4, 0.32, 1.08, 142, 0
0.98, -0.88, 1.56, 0.4, 0.32, 1.32, 143, 1
0.98, -0.88, 1.56, 0.4, 0.56, 0.12, 144, 1
0.98, -0.88, 1.56, 0.4, 0.56, 0.36, 145, 1
0.98, -0.88, 1.56, 0.4, 0.56, 0.6, 146, 1
0.98, -0.88, 1.56, 0.4, 0.56, 0.84, 147, 1
0.98, -0.88, 1.56, 0.4, 0.56, 1.08, 148, 1
0.98, -0.88, 1.56, 0.4, 0.56, 1.32, 149, 1
0.98, -0.88, 1.56, 0.4, 0.8, 0.12, 150, 1
0.98, -0.88, 1.56, 0.4, 0.8, 0.36, 151, 1
0.98, -0.88, 1.56, 0.4, 0.8, 0.6, 152, 1
0.98, -0.88, 1.56, 0.4, 0.8, 0.84, 153, 1
0.98, -0.88, 1.56, 0.4, 0.8, 1.08, 154, 1
0.98, -0.88, 1.56, 0.4, 0.8, 1.32, 155, 1
0.98, -0.88, 1.56, 0.4, 1.04, 0.12, 156, 1
0.98, -0.88, 1.56, 0.4, 1.04, 0.36, 157, 1
0.98, -0.88, 1.56, 0.4, 1.04, 0.6, 158, 1
0.98, -0.88, 1.56, 0.4, 1.04, 0.84, 159, 1
0.98, -0.88, 1.56, 0.4, 1.04, 1.08, 160, 1
0.98, -0.88, 1.56, 0.4, 1.04, 1.32, 161, 1
0.98, -0.88, 1.56, 0.56, -0.88, 1.35, 198, 0
0.98, -0.88, 1.56, 0.56, -0.64, 1.35, 199, 1
0.98, -0.88, 1.56, 0.56, -0.4, 1.35, 200, 1
0.98, -0.88, 1.56, 0.56, -0.16, 1.35, 201, 1
0.98, -0.88, 1.56, 0.56, 0.08, 1.35, 202, 1
0.98, -0.88, 1.56, 0.56, 0.32, 1.35, 203, 1
0.98, -0.88, 1.56, 0.8, -0.88, 1.35, 204, 0
0.98, -0.88, 1.56, 0.8, -0.64, 1.35, 205, 1
0.98, -0.88, 1.56, 0.8, -0.4, 1.35, 206, 1
0.98, -0.88, 1.56, 0.8, -0.16, 1.35, 207, 1
0.98, -0.88, 1.56, 0.8, 0.08, 1.35, 208, 1
0.98, -0.88, 1.56, 0.8, 0.32, 1.35, 209, 1
0.98, -0.88, 1.56, 1.04, -0.88, 1.35, 210, 0
0.98, -0.88, 1.56, 1.04, -0.64, 1.35, 211, 0
0.98, -0.88, 1.56, 1.04, -0.4, 1.35, 212, 0
0.98, -0.88, 1.56, 1.04, -0.16, 1.35, 213, 0
0.98, -0.88, 1.56, 1.04, 0.08, 1.35, 214, 0
0.98, -0.88, 1.56, 1.04, 0.32, 1.35, 215, 0
0.98, 0.08, 0.12, 0.4, -0.88, 0.12, 216, 1
0.98, 0.08, 0.12, 0.4, -0.88, 0.36, 217, 1
0.98, 0.08, 0.12, 0.4, -0.88, 0.6, 218, 1
0.98, 0.08, 0.12, 0.4, -0.88, 0.84, 219, 1
0.98, 0.08, 0.12, 0.4, -0.88, 1.08, 220, 1
0.98, 0.08, 0.12, 0.4, -0.88, 1.32, 221, 1
0.98, 0.08, 0.12, 0.4, -0.64, 0.12, 222, 1
0.98, 0.08, 0.12, 0.4, -0.64, 0.36, 223, 1
0.98, 0.08, 0.12, 0.4, -0.64, 0.6, 224, 1
0.98, 0.08, 0.12, 0.4, -0.64, 0.84, 225, 0
0.98, 0.08, 0.12, 0.4, -0.64, 1.08, 226, 1
0.98, 0.08, 0.12, 0.4, -0.64, 1.32, 227, 1
0.98, 0.08, 0.12, 0.4, -0.4, 0.12, 228, 1
0.98, 0.08, 0.12, 0.4, -0.4, 0.36, 229, 1
0.98, 0.08, 0.12, 0.4, -0.4, 0.6, 230, 1
0.98, 0.08, 0.12, 0.4, -0.4, 0.84, 231, 1
0.98, 0.08, 0.12, 0.4, -0.4, 1.08, 232, 1
0.98, 0.08, 0.12, 0.4, -0.4, 1.32, 233, 1
0.98, 0.08, 0.12, 0.4, -0.16, 0.12, 234, 1
0.98, 0.08, 0.12, 0.4, -0.16, 0.36, 235, 1
0.98, 0.08, 0.12, 0.4, -0.16, 0.6, 236, 1
0.98, 0.08, 0.12, 0.4, -0.16, 0.84, 237, 1
0.98, 0.08, 0.12, 0.4, -0.16, 1.08, 238, 1
0.98, 0.08, 0.12, 0.4, -0.16, 1.32, 239, 1
0.98, 0.08, 0.12, 0.4, 0.08, 0.12, 240, 0
0.98, 0.08, 0.12, 0.4, 0.08, 0.36, 241, 1
0.98, 0.08, 0.12, 0.4, 0.08, 0.6, 242, 1
0.98, 0.08, 0.12, 0.4, 0.08, 0.84, 243, 1
0.98, 0.08, 0.12, 0.4, 0.08, 1.08, 244, 1
0.98, 0.08, 0.12, 0.4, 0.08, 1.32, 245, 1
0.98, 0.08, 0.12, 0.4, 0.32, 0.12, 246, 1
0.98, 0.08, 0.12, 0.4, 0.32, 0.36, 247, 1
0.98, 0.08, 0.12, 0.4, 0.32, 0.6, 248, 1
0.98, 0.08, 0.12, 0.4, 0.32, 0.84, 249, 1
0.98, 0.08, 0.12, 0.4, 0.32, 1.08, 250, 1
0.98, 0.08, 0.12, 0.4, 0.32, 1.32, 251, 1
0.98, 0.08, 0.12, 0.4, 0.56, 0.12, 252, 1
0.98, 0.08, 0.12, 0.4, 0.56, 0.36, 253, 1
0.98, 0.08, 0.12, 0.4, 0.56, 0.6, 254, 1
0.98, 0.08, 0.12, 0.4, 0.56, 0.84, 255, 1
0.98, 0.08, 0.12, 0.4, 0.56, 1.08, 256, 1
0.98, 0.08, 0.12, 0.4, 0.56, 1.32, 257, 1
0.98, 0.08, 0.12, 0.4, 0.8, 0.12, 258, 1
0.98, 0.08, 0.12, 0.4, 0.8, 0.36, 259, 1
0.98, 0.08, 0.12, 0.4, 0.8, 0.6, 260, 1
0.98, 0.08, 0.12, 0.4, 0.8, 0.84, 261, 1
0.98, 0.08, 0.12, 0.4, 0.8, 1.08, 262, 1
0.98, 0.08, 0.12, 0.4, 0.8, 1.32, 263, 1
0.98, 0.08, 0.12, 0.4, 1.04, 0.12, 264, 1
0.98, 0.08, 0.12, 0.4, 1.04, 0.36, 265, 1
0.98, 0.08, 0.12, 0.4, 1.04, 0.6, 266, 1
0.98, 0.08, 0.12, 0.4, 1.04, 0.84, 267, 1
0.98, 0.08, 0.12, 0.4, 1.04, 1.08, 268, 1
0.98, 0.08, 0.12, 0.4, 1.04, 1.32, 269, 1
0.98, 0.08, 0.84, 0.4, -0.88, 0.12, 270, 1
0.98, 0.08, 0.84, 0.4, -0.88, 0.36, 271, 1
0.98, 0.08, 0.84, 0.4, -0.88, 0.6, 272, 1
0.98, 0.08, 0.84, 0.4, -0.88, 0.84, 273, 0
0.98, 0.08, 0.84, 0.4, -0.88, 1.08, 274, 0
0.98, 0.08, 0.84, 0.4, -0.88, 1.32, 275, 1
0.98, 0.08, 0.84, 0.4, -0.64, 0.12, 276, 1
0.98, 0.08, 0.84, 0.4, -0.64, 0.36, 277, 1
0.98, 0.08, 0.84, 0.4, -0.64, 0.6, 278, 1
0.98, 0.08, 0.84, 0.4, -0.64, 0.84, 279, 1
0.98, 0.08, 0.84, 0.4, -0.64, 1.08, 280, 1
0.98, 0.08, 0.84, 0.4, -0.64, 1.32, 281, 1
0.98, 0.08, 0.84, 0.4, -0.4, 0.12, 282, 1
0.98, 0.08, 0.84, 0.4, -0.4, 0.36, 283, 1
0.98, 0.08, 0.84, 0.4, -0.4, 0.6, 284, 1
0.98, 0.08, 0.84, 0.4, -0.4, 0.84, 285, 1
0.98, 0.08, 0.84, 0.4, -0.4, 1.08, 286, 1
0.98, 0.08, 0.84, 0.4, -0.4, 1.32, 287, 1
0.98, 0.08, 0.84, 0.4, -0.16, 0.12, 288, 1
0.98, 0.08, 0.84, 0.4, -0.16, 0.36, 289, 1
0.98, 0.08, 0.84, 0.4, -0.16, 0.6, 290, 1
0.98, 0.08, 0.84, 0.4, -0.16, 0.84, 291, 1
0.98, 0.08, 0.84, 0.4, -0.16, 1.08, 292, 1
0.98, 0.08, 0.84, 0.4, -0.16, 1.32, 293, 1
0.98, 0.08, 0.84, 0.4, 0.08, 0.12, 294, 1
0.98, 0.08, 0.84, 0.4, 0.08, 0.36, 295, 1
0.98, 0.08, 0.84, 0.4, 0.08, 0.6, 296, 1
0.98, 0.08, 0.84, 0.4, 0.08, 0.84, 297, 0
0.98, 0.08, 0.84, 0.4, 0.08, 1.08, 298, 1
0.98, 0.08, 0.84, 0.4, 0.08, 1.32, 299, 1
0.98, 0.08, 0.84, 0.4, 0.32, 0.12, 300, 1
0.98, 0.08, 0.84, 0.4, 0.32, 0.36, 301, 1
0.98, 0.08, 0.84, 0.4, 0.32, 0.6, 302, 1
0.98, 0.08, 0.84, 0.4, 0.32, 0.84, 303, 0
0.98, 0.08, 0.84, 0.4, 0.32, 1.08, 304, 1
0.98, 0.08, 0.84, 0.4, 0.32, 1.32, 305, 1
0.98, 0.08, 0.84, 0.4, 0.56, 0.12, 306, 1
0.98, 0.08, 0.84, 0.4, 0.56, 0.36, 307, 1
0.98, 0.08, 0.84, 0.4, 0.56, 0.6, 308, 1
0.98, 0.08, 0.84, 0.4, 0.56, 0.84, 309, 1
0.98, 0.08, 0.84, 0.4, 0.56, 1.08, 310, 1
0.98, 0.08, 0.84, 0.4, 0.56, 1.32, 311, 1
0.98, 0.08, 0.84, 0.4, 0.8, 0.12, 312, 1
0.98, 0.08, 0.84, 0.4, 0.8, 0.36, 313, 1
0.98, 0.08, 0.84, 0.4, 0.8, 0.6, 314, 1
0.98, 0.08, 0.84, 0.4, 0.8, 0.84, 315, 0
0.98, 0.08, 0.84, 0.4, 0.8, 1.08, 316, 1
0.98, 0.08, 0.84, 0.4, 0.8, 1.32, 317, 1
0.98, 0.08, 0.84, 0.4, 1.04, 0.12, 318, 1
0.98, 0.08, 0.84, 0.4, 1.04, 0.36, 319, 1
0.98, 0.08, 0.84, 0.4, 1.04, 0.6, 320, 1
0.98, 0.08, 0.84, 0.4, 1.04, 0.84, 321, 0
0.98, 0.08, 0.84, 0.4, 1.04, 1.08, 322, 1
0.98, 0.08, 0.84, 0.4, 1.04, 1.32, 323, 1
0.98, 0.08, 1.56, -0.88, -0.88, 1.35, 378, 1
0.98, 0.08, 1.56, -0.88, -0.64, 1.35, 379, 1
0.98, 0.08, 1.56, -0.88, -0.4, 1.35, 380, 1
0.98, 0.08, 1.56, -0.88, -0.16, 1.35, 381, 1
0.98, 0.08, 1.56, -0.88, 0.08, 1.35, 382, 1
0.98, 0.08, 1.56, -0.88, 0.32, 1.35, 383, 1
0.98, 0.08, 1.56, -0.64, -0.88, 1.35, 384, 1
0.98, 0.08, 1.56, -0.64, -0.64, 1.35, 385, 1
0.98, 0.08, 1.56, -0.64, -0.4, 1.35, 386, 1
0.98, 0.08, 1.56, -0.64, -0.16, 1.35, 387, 1
0.98, 0.08, 1.56, -0.64, 0.08, 1.35, 388, 1
0.98, 0.08, 1.56, -0.64, 0.32, 1.35, 389, 1
0.98, 0.08, 1.56, -0.4, -0.88, 1.35, 390, 1
0.98, 0.08, 1.56, -0.4, -0.64, 1.35, 391, 1
0.98, 0.08, 1.56, -0.4, -0.4, 1.35, 392, 1
0.98, 0.08, 1.56, -0.4, -0.16, 1.35, 393, 1
0.98, 0.08, 1.56, -0.4, 0.08, 1.35, 394, 1
0.98, 0.08, 1.56, -0.4, 0.32, 1.35, 395, 1
0.98, 0.08, 1.56, -0.16, -0.88, 1.35, 396, 1
0.98, 0.08, 1.56, -0.16, -0.64, 1.35, 397, 1
0.98, 0.08, 1.56, -0.16, -0.4, 1.35, 398, 1
0.98, 0.08, 1.56, -0.16, -0.16, 1.35, 399, 1
0.98, 0.08, 1.56, -0.16, 0.08, 1.35, 400, 1
0.98, 0.08, 1.56, -0.16, 0.32, 1.35, 401, 1
0.98, 0.08, 1.56, 0.08, -0.88, 1.35, 402, 1
0.98, 0.08, 1.56, 0.08, -0.64, 1.35, 403, 1
0.98, 0.08, 1.56, 0.08, -0.4, 1.35, 404, 1
0.98, 0.08, 1.56, 0.08, -0.16, 1.35, 405, 1
0.98, 0.08, 1.56, 0.08, 0.08, 1.35, 406, 1
0.98, 0.08, 1.56, 0.08, 0.32, 1.35, 407, 1
0.98, 0.08, 1.56, 0.32, -0.88, 1.35, 408, 1
0.98, 0.08, 1.56, 0.32, -0.64, 1.35, 409, 1
0.98, 0.08, 1.56, 0.32, -0.4, 1.35, 410, 1
0.98, 0.08, 1.56, 0.32, -0.16, 1.35, 411, 1
0.98, 0.08, 1.56, 0.32, 0.08, 1.35, 412, 1
0.98, 0.08, 1.56, 0.32, 0.32, 1.35, 413, 1
0.98, 0.08, 1.56, 0.4, -0.88, 0.12, 324, 1
0.98, 0.08, 1.56, 0.4, -0.88, 0.36, 325, 1
0.98, 0.08, 1.56, 0.4, -0.88, 0.6, 326, 1
0.98, 0.08, 1.56, 0.4, -0.88, 0.84, 327, 1
0.98, 0.08, 1.56, 0.4, -0.88, 1.08, 328, 1
0.98, 0.08, 1.56, 0.4, -0.88, 1.32, 329, 1
0.98, 0.08, 1.56, 0.4, -0.64, 0.12, 330, 1
0.98, 0.08, 1.56, 0.4, -0.64, 0.36, 331, 1
0.98, 0.08, 1.56, 0.4, -0.64, 0.6, 332, 1
0.98, 0.08, 1.56, 0.4, -0.64, 0.84, 333, 1
0.98, 0.08, 1.56, 0.4, -0.64, 1.08, 334, 1
0.98, 0.08, 1.56, 0.4, -0.64, 1.32, 335, 1
0.98, 0.08, 1.56, 0.4, -0.4, 0.12, 336, 1
0.98, 0.08, 1.56, 0.4, -0.4, 0.36, 337, 1
0.98, 0.08, 1.56, 0.4, -0.4, 0.6, 338, 1
0.98, 0.08, 1.56, 0.4, -0.4, 0.84, 339, 1
0.98, 0.08, 1.56, 0.4, -0.4, 1.08, 340, 1
0.98, 0.08, 1.56, 0.4, -0.4, 1.32, 341, 1
0.98, 0.08, 1.56, 0.4, -0.16, 0.12, 342, 1
0.98, 0.08, 1.56, 0.4, -0.16, 0.36, 343, 1
0.98, 0.08, 1.56, 0.4, -0.16, 0.6, 344, 1
0.98, 0.08, 1.56, 0.4, -0.16, 0.84, 345, 1
0.98, 0.08, 1.56, 0.4, -0.16, 1.08, 346, 1
0.98, 0.08, 1.56, 0.4, -0.16, 1.32, 347, 1
0.98, 0.08, 1.56, 0.4, 0.08, 0.12, 348, 1
0.98, 0.08, 1.56, 0.4, 0.08, 0.36, 349, 1
0.98, 0.08, 1.56, 0.4, 0.08, 0.6, 350, 1
0.98, 0.08, 1.56, 0.4, 0.08, 0.84, 351, 1
0.98, 0.08, 1.56, 0.4, 0.08, 1.08, 352, 1
0.98, 0.08, 1.56, 0.4, 0.08, 1.32, 353, 1
0.98, 0.08, 1.56, 0.4, 0.32, 0.12, 354, 1
0.98, 0.08, 1.56, 0.4, 0.32, 0.36, 355, 1
0.98, 0.08, 1.56, 0.4, 0.32, 0.6, 356, 1
0.98, 0.08, 1.56, 0.4, 0.32, 0.84, 357, 1
0.98, 0.08, 1.56, 0.4, 0.32, 1.08, 358, 1
0.98, 0.08, 1.56, 0.4, 0.32, 1.32, 359, 1
0.98, 0.08, 1.56, 0.4, 0.56, 0.12, 360, 1
0.98, 0.08, 1.56, 0.4, 0.56, 0.36, 361, 1
0.98, 0.08, 1.56, 0.4, 0.56, 0.6, 362, 1
0.98, 0.08, 1.56, 0.4, 0.56, 0.84, 363, 1
0.98, 0.08, 1.56, 0.4, 0.56, 1.08, 364, 1
0.98, 0.08, 1.56, 0.4, 0.56, 1.32, 365, 1
0.98, 0.08, 1.56, 0.4, 0.8, 0.12, 366, 1
0.98, 0.08, 1.56, 0.4, 0.8, 0.36, 367, 1
0.98, 0.08, 1.56, 0.4, 0.8, 0.6, 368, 1
0.98, 0.08, 1.56, 0.4, 0.8, 0.84, 369, 1
0.98, 0.08, 1.56, 0.4, 0.8, 1.08, 370, 1
0.98, 0.08, 1.56, 0.4, 0.8, 1.32, 371, 1
0.98, 0.08, 1.56, 0.4, 1.04, 0.12, 372, 1
0.98, 0.08, 1.56, 0.4, 1.04, 0.36, 373, 1
0.98, 0.08, 1.56, 0.4, 1.04, 0.6, 374, 1
0.98, 0.08, 1.56, 0.4, 1.04, 0.84, 375, 1
0.98, 0.08, 1.56, 0.4, 1.04, 1.08, 376, 1
0.98, 0.08, 1.56, 0.4, 1.04, 1.32, 377, 1
0.98, 0.08, 1.56, 0.56, -0.88, 1.35, 414, 1
0.98, 0.08, 1.56, 0.56, -0.64, 1.35, 415, 1
0.98, 0.08, 1.56, 0.56, -0.4, 1.35, 416, 1
0.98, 0.08, 1.56, 0.56, -0.16, 1.35, 417, 1
0.98, 0.08, 1.56, 0.56, 0.08, 1.35, 418, 1
0.98, 0.08, 1.56, 0.56, 0.32, 1.35, 419, 1
0.98, 0.08, 1.56, 0.8, -0.88, 1.35, 420, 0
0.98, 0.08, 1.56, 0.8, -0.64, 1.35, 421, 0
0.98, 0.08, 1.56, 0.8, -0.4, 1.35, 422, 1
0.98, 0.08, 1.56, 0.8, -0.16, 1.35, 423, 1
0.98, 0.08, 1.56, 0.8, 0.08, 1.35, 424, 1
0.98, 0.08, 1.56, 0.8, 0.32, 1.35, 425, 1
0.98, 0.08, 1.56, 1.04, -0.88, 1.35, 426, 0
0.98, 0.08, 1.56, 1.04, -0.64, 1.35, 427, 0
0.98, 0.08, 1.56, 1.04, -0.4, 1.35, 428, 0
0.98, 0.08, 1.56, 1.04, -0.16, 1.35, 429, 0
0.98, 0.08, 1.56, 1.04, 0.08, 1.35, 430, 0
0.98, 0.08, 1.56, 1.04, 0.32, 1.35, 431, 0
0.98, 1.04, 0.12, -0.88, 0.98, 0.12, 486, 1
0.98, 1.04, 0.12, -0.88, 0.98, 0.36, 487, 1
0.98, 1.04, 0.12, -0.88, 0.98, 0.6, 488, 1
0.98, 1.04, 0.12, -0.88, 0.98, 0.84, 489, 1
0.98, 1.04, 0.12, -0.88, 0.98, 1.08, 490, 1
0.98, 1.04, 0.12, -0.88, 0.98, 1.32, 491, 1
0.98, 1.04, 0.12, -0.64, 0.98, 0.12, 492, 1
0.98, 1.04, 0.12, -0.64, 0.98, 0.36, 493, 1
0.98, 1.04, 0.12, -0.64, 0.98, 0.6, 494, 1
0.98, 1.04, 0.12, -0.64, 0.98, 0.84, 495, 1
0.98, 1.04, 0.12, -0.64, 0.98, 1.08, 496, 1
0.98, 1.04, 0.12, -0.64, 0.98, 1.32, 497, 0
0.98, 1.04, 0.12, -0.4, 0.98, 0.12, 498, 1
0.98, 1.04, 0.12, -0.4, 0.98, 0.36, 499, 1
0.98, 1.04, 0.12, -0.4, 0.98, 0.6, 500, 1
0.98, 1.04, 0.12, -0.4, 0.98, 0.84, 501, 1
0.98, 1.04, 0.12, -0.4, 0.98, 1.08, 502, 1
0.98, 1.04, 0.12, -0.4, 0.98, 1.32, 503, 0
0.98, 1.04, 0.12, -0.16, 0.98, 0.12, 504, 1
0.98, 1.04, 0.12, -0.16, 0.98, 0.36, 505, 1
0.98, 1.04, 0.12, -0.16, 0.98, 0.6, 506, 1
0.98, 1.04, 0.12, -0.16, 0.98, 0.84, 507, 0
0.98, 1.04, 0.12, -0.16, 0.98, 1.08, 508, 0
0.98, 1.04, 0.12, -0.16, 0.98, 1.32, 509, 1
0.98, 1.04, 0.12, 0.08, 0.98, 0.12, 510, 1
0.98, 1.04, 0.12, 0.08, 0.98, 0.36, 511, 1
0.98, 1.04, 0.12, 0.08, 0.98, 0.6, 512, 1
0.98, 1.04, 0.12, 0.08, 0.98, 0.84, 513, 1
0.98, 1.04, 0.12, 0.08, 0.98, 1.08, 514, 1
0.98, 1.04, 0.12, 0.08, 0.98, 1.32, 515, 1
0.98, 1.04, 0.12, 0.32, 0.98, 0.12, 516, 1
0.98, 1.04, 0.12, 0.32, 0.98, 0.36, 517, 1
0.98, 1.04, 0.12, 0.32, 0.98, 0.6, 518, 1
0.98, 1.04, 0.12, 0.32, 0.98, 0.84, 519, 1
0.98, 1.04, 0.12, 0.32, 0.98, 1.08, 520, 1
0.98, 1.04, 0.12, 0.32, 0.98, 1.32, 521, 1
0.98, 1.04, 0.12, 0.4, -0.88, 0.12, 432, 1
0.98, 1.04, 0.12, 0.4, -0.88, 0.36, 433, 1
0.98, 1.04, 0.12, 0.4, -0.88, 0.6, 434, 1
0.98, 1.04, 0.12, 0.4, -0.88, 0.84, 435, 1
0.98, 1.04, 0.12, 0.4, -0.88, 1.08, 436, 1
0.98, 1.04, 0.12, 0.4, -0.88, 1.32, 437, 1
0.98, 1.04, 0.12, 0.4, -0.64, 0.12, 438, 1
0.98, 1.04, 0.12, 0.4, -0.64, 0.36, 439, 1
0.98, 1.04, 0.12, 0.4, -0.64, 0.6, 440, 1
0.98, 1.04, 0.12, 0.4, -0.64, 0.84, 441, 1
0.98, 1.04, 0.12, 0.4, -0.64, 1.08, 442, 1
0.98, 1.04, 0.12, 0.4, -0.64, 1.32, 443, 1
0.98, 1.04, 0.12, 0.4, -0.4, 0.12, 444, 1
0.98, 1.04, 0.12, 0.4, -0.4, 0.36, 445, 1
0.98, 1.04, 0.12, 0.4, -0.4, 0.6, 446, 1
0.98, 1.04, 0.12, 0.4, -0.4, 0.84, 447, 1
0.98, 1.04, 0.12, 0.4, -0.4, 1.08, 448, 1
0.98, 1.04, 0.12, 0.4, -0.4, 1.32, 449, 1
0.98, 1.04, 0.12, 0.4, -0.16, 0.12, 450, 1
0.98, 1.04, 0.12, 0.4, -0.16, 0.36, 451, 1
0.98, 1.04, 0.12, 0.4, -0.16, 0.6, 452, 1
0.98, 1.04, 0.12, 0.4, -0.16, 0.84, 453, 1
0.98, 1.04, 0.12, 0.4, -0.16, 1.08, 454, 1
0.98, 1.04, 0.12, 0.4, -0.16, 1.32, 455, 1
0.98, 1.04, 0.12, 0.4, 0.08, 0.12, 456, 1
0.98, 1.04, 0.12, 0.4, 0.08, 0.36, 457, 1
0.98, 1.04, 0.12, 0.4, 0.08, 0.6, 458, 1
0.98, 1.04, 0.12, 0.4, 0.08, 0.84, 459, 1
0.98, 1.04, 0.12, 0.4, 0.08, 1.08, 460, 1
0.98, 1.04, 0.12, 0.4, 0.08, 1.32, 461, 1
0.98, 1.04, 0.12, 0.4, 0.32, 0.12, 462, 1
0.98, 1.04, 0.12, 0.4, 0.32, 0.36, 463, 1
0.98, 1.04, 0.12, 0.4, 0.32, 0.6, 464, 1
0.98, 1.04, 0.12, 0.4, 0.32, 0.84, 465, 1
0.98, 1.04, 0.12, 0.4, 0.32, 1.08, 466, 1
0.98, 1.04, 0.12, 0.4, 0.32, 1.32, 467, 1
0.98, 1.04, 0.12, 0.4, 0.56, 0.12, 468, 1
0.98, 1.04, 0.12, 0.4, 0.56, 0.36, 469, 1
0.98, 1.04, 0.12, 0.4, 0.56, 0.6, 470, 1
0.98, 1.04, 0.12, 0.4, 0.56, 0.84, 471, 1
0.98, 1.04, 0.12, 0.4, 0.56, 1.08, 472, 1
0.98, 1.04, 0.12, 0.4, 0.56, 1.32, 473, 1
0.98, 1.04, 0.12, 0.4, 0.8, 0.12, 474, 1
0.98, 1.04, 0.12, 0.4, 0.8, 0.36, 475, 1
0.98, 1.04, 0.12, 0.4, 0.8, 0.6, 476, 1
0.98, 1.04, 0.12, 0.4, 0.8, 0.84, 477, 1
0.98, 1.04, 0.12, 0.4, 0.8, 1.08, 478, 1
0.98, 1.04, 0.12, 0.4, 0.8, 1.32, 479, 1
0.98, 1.04, 0.12, 0.4, 1.04, 0.12, 480, 0
0.98, 1.04, 0.12, 0.4, 1.04, 0.36, 481, 1
0.98, 1.04, 0.12, 0.4, 1.04, 0.6, 482, 1
0.98, 1.04, 0.12, 0.4, 1.04, 0.84, 483, 1
0.98, 1.04, 0.12, 0.4, 1.04, 1.08, 484, 1
0.98, 1.04, 0.12, 0.4, 1.04, 1.32, 485, 1
0.98, 1.04, 0.12, 0.56, 0.98, 0.12, 522, 1
0.98, 1.04, 0.12, 0.56, 0.98, 0.36, 523, 1
0.98, 1.04, 0.12, 0.56, 0.98, 0.6, 524, 0
0.98, 1.04, 0.12, 0.56, 0.98, 0.84, 525, 1
0.98, 1.04, 0.12, 0.56, 0.98, 1.08, 526, 1
0.98, 1.04, 0.12, 0.56, 0.98, 1.32, 527, 1
0.98, 1.04, 0.12, 0.8, 0.98, 0.12, 528, 1
0.98, 1.04, 0.12, 0.8, 0.98, 0.36, 529, 1
0.98, 1.04, 0.12, 0.8, 0.98, 0.6, 530, 1
0.98, 1.04, 0.12, 0.8, 0.98, 0.84, 531, 1
0.98, 1.04, 0.12, 0.8, 0.98, 1.08, 532, 1
0.98, 1.04, 0.12, 0.8, 0.98, 1.32, 533, 1
0.98, 1.04, 0.12, 1.04, 0.98, 0.12, 534, 0
0.98, 1.04, 0.12, 1.04, 0.98, 0.36, 535, 0
0.98, 1.04, 0.12, 1.04, 0.98, 0.6, 536, 0
0.98, 1.04, 0.12, 1.04, 0.98, 0.84, 537, 0
0.98, 1.04, 0.12, 1.04, 0.98, 1.08, 538, 0
0.98, 1.04, 0.12, 1.04, 0.98, 1.32, 539, 0
0.98, 1.04, 0.84, -0.88, 0.98, 0.12, 594, 1
0.98, 1.04, 0.84, -0.88, 0.98, 0.36, 595, 1
0.98, 1.04, 0.84, -0.88, 0.98, 0.6, 596, 1
0.98, 1.04, 0.84, -0.88, 0.98, 0.84, 597, 0
0.98, 1.04, 0.84, -0.88, 0.98, 1.08, 598, 1
0.98, 1.04, 0.84, -0.88, 0.98, 1.32, 599, 0
0.98, 1.04, 0.84, -0.64, 0.98, 0.12, 600, 1
0.98, 1.04, 0.84, -0.64, 0.98, 0.36, 601, 1
0.98, 1.04, 0.84, -0.64, 0.98, 0.6, 602, 1
0.98, 1.04, 0.84, -0.64, 0.98, 0.84, 603, 1
0.98, 1.04, 0.84, -0.64, 0.98, 1.08, 604, 1
0.98, 1.04, 0.84, -0.64, 0.98, 1.32, 605, 1
0.98, 1.04, 0.84, -0.4, 0.98, 0.12, 606, 1
0.98, 1.04, 0.84, -0.4, 0.98, 0.36, 607, 1
0.98, 1.04, 0.84, -0.4, 0.98, 0.6, 608, 1
0.98, 1.04, 0.84, -0.4, 0.98, 0.84, 609, 1
0.98, 1.04, 0.84, -0.4, 0.98, 1.08, 610, 1
0.98, 1.04, 0.84, -0.4, 0.98, 1.32, 611, 1
0.98, 1.04, 0.84, -0.16, 0.98, 0.12, 612, 1
0.98, 1.04, 0.84, -0.16, 0.98, 0.36, 613, 1
0.98, 1.04, 0.84, -0.16, 0.98, 0.6, 614, 1
0.98, 1.04, 0.84, -0.16, 0.98, 0.84, 615, 1
0.98, 1.04, 0.84, -0.16, 0.98, 1.08, 616, 1
0.98, 1.04, 0.84, -0.16, 0.98, 1.32, 617, 1
0.98, 1.04, 0.84, 0.08, 0.98, 0.12, 618, 1
0.98, 1.04, 0.84, 0.08, 0.98, 0.36, 619, 1
0.98, 1.04, 0.84, 0.08, 0.98, 0.6, 620, 1
0.98, 1.04, 0.84, 0.08, 0.98, 0.84, 621, 1
0.98, 1.04, 0.84, 0.08, 0.98, 1.08, 622, 1
0.98, 1.04, 0.84, 0.08, 0.98, 1.32, 623, 1
0.98, 1.04, 0.84, 0.32, 0.98, 0.12, 624, 1
0.98, 1.04, 0.84, 0.32, 0.98, 0.36, 625, 1
0.98, 1.04, 0.84, 0.32, 0.98, 0.6, 626, 1
0.98, 1.04, 0.84, 0.32, 0.98, 0.84, 627, 1
0.98, 1.04, 0.84, 0.32, 0.98, 1.08, 628, 1
0.98, 1.04, 0.84, 0.32, 0.98, 1.32, 629, 1
0.98, 1.04, 0.84, 0.4, -0.88, 0.12, 540, 1
0.98, 1.04, 0.84, 0.4, -0.88, 0.36, 541, 1
0.98, 1.04, 0.84, 0.4, -0.88, 0.6, 542, 1
0.98, 1.04, 0.84, 0.4, -0.88, 0.84, 543, 1
0.98, 1.04, 0.84, 0.4, -0.88, 1.08, 544, 1
0.98, 1.04, 0.84, 0.4, -0.88, 1.32, 545, 1
0.98, 1.04, 0.84, 0.4, -0.64, 0.12, 546, 1
0.98, 1.04, 0.84, 0.4, -0.64, 0.36, 547, 1
0.98, 1.04, 0.84, 0.4, -0.64, 0.6, 548, 1
0.98, 1.04, 0.84, 0.4, -0.64, 0.84, 549, 1
0.98, 1.04, 0.84, 0.4, -0.64, 1.08, 550, 1
0.98, 1.04, 0.84, 0.4, -0.64, 1.32, 551, 1
0.98, 1.04, 0.84, 0.4, -0.4, 0.12, 552, 1
0.98, 1.04, 0.84, 0.4, -0.4, 0.36, 553, 1
0.98, 1.04, 0.84, 0.4, -0.4, 0.6, 554, 1
0.98, 1.04, 0.84, 0.4, -0.4, 0.84, 555, 1
0.98, 1.04, 0.84, 0.4, -0.4, 1.08, 556, 1
0.98, 1.04, 0.84, 0.4, -0.4, 1.32, 557, 1
0.98, 1.04, 0.84, 0.4, -0.16, 0.12, 558, 1
0.98, 1.04, 0.84, 0.4, -0.16, 0.36, 559, 1
0.98, 1.04, 0.84, 0.4, -0.16, 0.6, 560, 1
0.98, 1.04, 0.84, 0.4, -0.16, 0.84, 561, 1
0.98, 1.04, 0.84, 0.4, -0.16, 1.08, 562, 1
0.98, 1.04, 0.84, 0.4, -0.16, 1.32, 563, 1
0.98, 1.04, 0.84, 0.4, 0.08, 0.12, 564, 1
0.98, 1.04, 0.84, 0.4, 0.08, 0.36, 565, 1
0.98, 1.04, 0.84, 0.4, 0.08, 0.6, 566, 1
0.98, 1.04, 0.84, 0.4, 0.08, 0.84, 567, 1
0.98, 1.04, 0.84, 0.4, 0.08, 1.08, 568, 1
0.98, 1.04, 0.84, 0.4, 0.08, 1.32, 569, 1
0.98, 1.04, 0.84, 0.4, 0.32, 0.12, 570, 1
0.98, 1.04, 0.84, 0.4, 0.32, 0.36, 571, 1
0.98, 1.04, 0.84, 0.4, 0.32, 0.6, 572, 1
0.98, 1.04, 0.84, 0.4, 0.32, 0.84, 573, 1
0.98, 1.04, 0.84, 0.4, 0.32, 1.08, 574, 1
0.98, 1.04, 0.84, 0.4, 0.32, 1.32, 575, 1
0.98, 1.04, 0.84, 0.4, 0.56, 0.12, 576, 1
0.98, 1.04, 0.84, 0.4, 0.56, 0.36, 577, 1
0.98, 1.04, 0.84, 0.4, 0.56, 0.6, 578, 1
0.98, 1.04, 0.84, 0.4, 0.56, 0.84, 579, 1
0.98, 1.04, 0.84, 0.4, 0.56, 1.08, 580, 1
0.98, 1.04, 0.84, 0.4, 0.56, 1.32, 581, 1
0.98, 1.04, 0.84, 0.4, 0.8, 0.12, 582, 1
0.98, 1.04, 0.84, 0.4, 0.8, 0.36, 583, 1
0.98, 1.04, 0.84, 0.4, 0.8, 0.6, 584, 1
0.98, 1.04, 0.84, 0.4, 0.8, 0.84, 585, 1
0.98, 1.04, 0.84, 0.4, 0.8, 1.08, 586, 1
0.98, 1.04, 0.84, 0.4, 0.8, 1.32, 587, 1
0.98, 1.04, 0.84, 0.4, 1.04, 0.12, 588, 1
0.98, 1.04, 0.84, 0.4, 1.04, 0.36, 589, 1
0.98, 1.04, 0.84, 0.4, 1.04, 0.6, 590, 1
0.98, 1.04, 0.84, 0.4, 1.04, 0.84, 591, 0
0.98, 1.04, 0.84, 0.4, 1.04, 1.08, 592, 1
0.98, 1.04, 0.84, 0.4, 1.04, 1.32, 593, 0
0.98, 1.04, 0.84, 0.56, 0.98, 0.12, 630, 1
0.98, 1.04, 0.84, 0.56, 0.98, 0.36, 631, 1
0.98, 1.04, 0.84, 0.56, 0.98, 0.6, 632, 1
0.98, 1.04, 0.84, 0.56, 0.98, 0.84, 633, 1
0.98, 1.04, 0.84, 0.56, 0.98, 1.08, 634, 1
0.98, 1.04, 0.84, 0.56, 0.98, 1.32, 635, 0
0.98, 1.04, 0.84, 0.8, 0.98, 0.12, 636, 1
0.98, 1.04, 0.84, 0.8, 0.98, 0.36, 637, 1
0.98, 1.04, 0.84, 0.8, 0.98, 0.6, 638, 1
0.98, 1.04, 0.84, 0.8, 0.98, 0.84, 639, 1
0.98, 1.04, 0.84, 0.8, 0.98, 1.08, 640, 0
0.98, 1.04, 0.84, 0.8, 0.98, 1.32, 641, 0
0.98, 1.04, 0.84, 1.04, 0.98, 0.12, 642, 0
0.98, 1.04, 0.84, 1.04, 0.98, 0.36, 643, 0
0.98, 1.04, 0.84, 1.04, 0.98, 0.6, 644, 0
0.98, 1.04, 0.84, 1.04, 0.98, 0.84, 645, 0
0.98, 1.04, 0.84, 1.04, 0.98, 1.08, 646, 0
0.98, 1.04, 0.84, 1.04, 0.98, 1.32, 647, 0
0.98, 1.04, 1.56, -0.88, -0.88, 1.35, 756, 1
0.98, 1.04, 1.56, -0.88, -0.64, 1.35, 757, 1
0.98, 1.04, 1.56, -0.88, -0.4, 1.35, 758, 1
0.98, 1.04, 1.56, -0.88, -0.16, 1.35, 759, 1
0.98, 1.04, 1.56, -0.88, 0.08, 1.35, 760, 1
0.98, 1.04, 1.56, -0.88, 0.32, 1.35, 761, 1
0.98, 1.04, 1.56, -0.88, 0.98, 0.12, 702, 0
0.98, 1.04, 1.56, -0.88, 0.98, 0.36, 703, 0
0.98, 1.04, 1.56, -0.88, 0.98, 0.6, 704, 1
0.98, 1.04, 1.56, -0.88, 0.98, 0.84, 705, 1
0.98, 1.04, 1.56, -0.88, 0.98, 1.08, 706, 1
0.98, 1.04, 1.56, -0.88, 0.98, 1.32, 707, 0
0.98, 1.04, 1.56, -0.64, -0.88, 1.35, 762, 1
0.98, 1.04, 1.56, -0.64, -0.64, 1.35, 763, 1
0.98, 1.04, 1.56, -0.64, -0.4, 1.35, 764, 1
0.98, 1.04, 1.56, -0.64, -0.16, 1.35, 765, 1
0.98, 1.04, 1.56, -0.64, 0.08, 1.35, 766, 1
0.98, 1.04, 1.56, -0.64, 0.32, 1.35, 767, 1
0.98, 1.04, 1.56, -0.64, 0.98, 0.12, 708, 1
0.98, 1.04, 1.56, -0.64, 0.98, 0.36, 709, 1
0.98, 1.04, 1.56, -0.64, 0.98, 0.6, 710, 1
0.98, 1.04, 1.56, -0.64, 0.98, 0.84, 711, 1
0.98, 1.04, 1.56, -0.64, 0.98, 1.08, 712, 0
0.98, 1.04, 1.56, -0.64, 0.98, 1.32, 713, 0
0.98, 1.04, 1.56, -0.4, -0.88, 1.35, 768, 1
0.98, 1.04, 1.56, -0.4, -0.64, 1.35, 769, 1
0.98, 1.04, 1.56, -0.4, -0.4, 1.35, 770, 1
0.98, 1.04, 1.56, -0.4, -0.16, 1.35, 771, 1
0.98, 1.04, 1.56, -0.4, 0.08, 1.35, 772, 1
0.98, 1.04, 1.56, -0.4, 0.32, 1.35, 773, 1
0.98, 1.04, 1.56, -0.4, 0.98, 0.12, 714, 1
0.98, 1.04, 1.56, -0.4, 0.98, 0.36, 715, 0
0.98, 1.04, 1.56, -0.4, 0.98, 0.6, 716, 1
0.98, 1.04, 1.56, -0.4, 0.98, 0.84, 717, 1
0.98, 1.04, 1.56, -0.4, 0.98, 1.08, 718, 1
0.98, 1.04, 1.56, -0.4, 0.98, 1.32, 719, 0
0.98, 1.04, 1.56, -0.16, -0.88, 1.35, 774, 1
0.98, 1.04, 1.56, -0.16, -0.64, 1.35, 775, 1
0.98, 1.04, 1.56, -0.16, -0.4, 1.35, 776, 1
0.98, 1.04, 1.56, -0.16, -0.16, 1.35, 777, 1
0.98, 1.04, 1.56, -0.16, 0.08, 1.35, 778, 1
0.98, 1.04, 1.56, -0.16, 0.32, 1.35, 779, 1
0.98, 1.04, 1.56, -0.16, 0.98, 0.12, 720, 1
0.98, 1.04, 1.56, -0.16, 0.98, 0.36, 721, 1
0.98, 1.04, 1.56, -0.16, 0.98, 0.6, 722, 1
0.98, 1.04, 1.56, -0.16, 0.98, 0.84, 723, 1
0.98, 1.04, 1.56, -0.16, 0.98, 1.08, 724, 1
0.98, 1.04, 1.56, -0.16, 0.98, 1.32, 725, 0
0.98, 1.04, 1.56, 0.08, -0.88, 1.35, 780, 1
0.98, 1.04, 1.56, 0.08, -0.64, 1.35, 781, 1
0.98, 1.04, 1.56, 0.08, -0.4, 1.35, 782, 1
0.98, 1.04, 1.56, 0.08, -0.16, 1.35, 783, 1
0.98, 1.04, 1.56, 0.08, 0.08, 1.35, 784, 1
0.98, 1.04, 1.56, 0.08, 0.32, 1.35, 785, 1
0.98, 1.04, 1.56, 0.08, 0.98, 0.12, 726, 1
0.98, 1.04, 1.56, 0.08, 0.98, 0.36, 727, 1
0.98, 1.04, 1.56, 0.08, 0.98, 0.6, 728, 1
0.98, 1.04, 1.56, 0.08, 0.98, 0.84, 729, 1
0.98, 1.04, 1.56, 0.08, 0.98, 1.08, 730, 1
0.98, 1.04, 1.56, 0.08, 0.98, 1.32, 731, 1
0.98, 1.04, 1.56, 0.32, -0.88, 1.35, 786, 1
0.98, 1.04, 1.56, 0.32, -0.64, 1.35, 787, 1
0.98, 1.04, 1.56, 0.32, -0.4, 1.35, 788, 1
0.98, 1.04, 1.56, 0.32, -0.16, 1.35, 789, 1
0.98, 1.04, 1.56, 0.32, 0.08, 1.35, 790, 1
0.98, 1.04, 1.56, 0.32, 0.32, 1.35, 791, 1
0.98, 1.04, 1.56, 0.32, 0.98, 0.12, 732, 1
0.98, 1.04, 1.56, 0.32, 0.98, 0.36, 733, 1
0.98, 1.04, 1.56, 0.32, 0.98, 0.6, 734, 1
0.98, 1.04, 1.56, 0.32, 0.98, 0.84, 735, 1
0.98, 1.04, 1.56, 0.32, 0.98, 1.08, 736, 1
0.98, 1.04, 1.56, 0.32, 0.98, 1.32, 737, 0
0.98, 1.04, 1.56, 0.4, -0.88, 0.12, 648, 1
0.98, 1.04, 1.56, 0.4, -0.88, 0.36, 649, 1
0.98, 1.04, 1.56, 0.4, -0.88, 0.6, 650, 1
0.98, 1.04, 1.56, 0.4, -0.88, 0.84, 651, 1
0.98, 1.04, 1.56, 0.4, -0.88, 1.08, 652, 0
0.98, 1.04, 1.56, 0.4, -0.88, 1.32, 653, 1
0.98, 1.04, 1.56, 0.4, -0.64, 0.12, 654, 1
0.98, 1.04, 1.56, 0.4, -0.64, 0.36, 655, 1
0.98, 1.04, 1.56, 0.4, -0.64, 0.6, 656, 1
0.98, 1.04, 1.56, 0.4, -0.64, 0.84, 657, 1
0.98, 1.04, 1.56, 0.4, -0.64, 1.08, 658, 0
0.98, 1.04, 1.56, 0.4, -0.64, 1.32, 659, 1
0.98, 1.04, 1.56, 0.4, -0.4, 0.12, 660, 1
0.98, 1.04, 1.56, 0.4, -0.4, 0.36, 661, 1
0.98, 1.04, 1.56, 0.4, -0.4, 0.6, 662, 1
0.98, 1.04, 1.56, 0.4, -0.4, 0.84, 663, 1
0.98, 1.04, 1.56, 0.4, -0.4, 1.08, 664, 1
0.98, 1.04, 1.56, 0.4, -0.4, 1.32, 665, 1
0.98, 1.04, 1.56, 0.4, -0.16, 0.12, 666, 1
0.98, 1.04, 1.56, 0.4, -0.16, 0.36, 667, 1
0.98, 1.04, 1.56, 0.4, -0.16, 0.6, 668, 1
0.98, 1.04, 1.56, 0.4, -0.16, 0.84, 669, 1
0.98, 1.04, 1.56, 0.4, -0.16, 1.08, 670, 1
0.98, 1.04, 1.56, 0.4, -0.16, 1.32, 671, 1
0.98, 1.04, 1.56, 0.4, 0.08, 0.12, 672, 1
0.98, 1.04, 1.56, 0.4, 0.08, 0.36, 673, 1
0.98, 1.04, 1.56, 0.4, 0.08, 0.6, 674, 1
0.98, 1.04, 1.56, 0.4, 0.08, 0.84, 675, 1
0.98, 1.04, 1.56, 0.4, 0.08, 1.08, 676, 1
0.98, 1.04, 1.56, 0.4, 0.08, 1.32, 677, 1
0.98, 1.04, 1.56, 0.4, 0.32, 0.12, 678, 1
0.98, 1.04, 1.56, 0.4, 0.32, 0.36, 679, 1
0.98, 1.04, 1.56, 0.4, 0.32, 0.6, 680, 1
0.98, 1.04, 1.56, 0.4, 0.32, 0.84, 681, 1
0.98, 1.04, 1.56, 0.4, 0.32, 1.08, 682, 1
0.98, 1.04, 1.56, 0.4, 0.32, 1.32, 683, 1
0.98, 1.04, 1.56, 0.4, 0.56, 0.12, 684, 1
0.98, 1.04, 1.56, 0.4, 0.56, 0.36, 685, 1
0.98, 1.04, 1.56, 0.4, 0.56, 0.6, 686, 1
0.98, 1.04, 1.56, 0.4, 0.56, 0.84, 687, 1
0.98, 1.04, 1.56, 0.4, 0.56, 1.08, 688, 1
0.98, 1.04, 1.56, 0.4, 0.56, 1.32, 689, 1
0.98, 1.04, 1.56, 0.4, 0.8, 0.12, 690, 1
0.98, 1.04, 1.56, 0.4, 0.8, 0.36, 691, 1
0.98, 1.04, 1.56, 0.4, 0.8, 0.6, 692, 1
0.98, 1.04, 1.56, 0.4, 0.8, 0.84, 693, 1
0.98, 1.04, 1.56, 0.4, 0.8, 1.08, 694, 1
0.98, 1.04, 1.56, 0.4, 0.8, 1.32, 695, 1
0.98, 1.04, 1.56, 0.4, 1.04, 0.12, 696, 1
0.98, 1.04, 1.56, 0.4, 1.04, 0.36, 697, 1
0.98, 1.04, 1.56, 0.4, 1.04, 0.6, 698, 1
0.98, 1.04, 1.56, 0.4, 1.04, 0.84, 699, 1
0.98, 1.04, 1.56, 0.4, 1.04, 1.08, 700, 0
0.98, 1.04, 1.56, 0.4, 1.04, 1.32, 701, 0
0.98, 1.04, 1.56, 0.56, -0.88, 1.35, 792, 1
0.98, 1.04, 1.56, 0.56, -0.64, 1.35, 793, 1
0.98, 1.04, 1.56, 0.56, -0.4, 1.35, 794, 1
0.98, 1.04, 1.56, 0.56, -0.16, 1.35, 795, 1
0.98, 1.04, 1.56, 0.56, 0.08, 1.35, 796, 1
0.98, 1.04, 1.56, 0.56, 0.32, 1.35, 797, 1
0.98, 1.04, 1.56, 0.56, 0.98, 0.12, 738, 1
0.98, 1.04, 1.56, 0.56, 0.98, 0.36, 739, 1
0.98, 1.04, 1.56, 0.56, 0.98, 0.6, 740, 1
0.98, 1.04, 1.56, 0.56, 0.98, 0.84, 741, 1
0.98, 1.04, 1.56, 0.56, 0.98, 1.08, 742, 1
0.98, 1.04, 1.56, 0.56, 0.98, 1.32, 743, 0
0.98, 1.04, 1.56, 0.8, -0.88, 1.35, 798, 1
0.98, 1.04, 1.56, 0.8, -0.64, 1.35, 799, 1
0.98, 1.04, 1.56, 0.8, -0.4, 1.35, 800, 1
0.98, 1.04, 1.56, 0.8, -0.16, 1.35, 801, 1
0.98, 1.04, 1.56, 0.8, 0.08, 1.35, 802, 1
0.98, 1.04, 1.56, 0.8, 0.32, 1.35, 803, 1
0.98, 1.04, 1.56, 0.8, 0.98, 0.12, 744, 1
0.98, 1.04, 1.56, 0.8, 0.98, 0.36, 745, 1
0.98, 1.04, 1.56, 0.8, 0.98, 0.6, 746, 1
0.98, 1.04, 1.56, 0.8, 0.98, 0.84, 747, 1
0.98, 1.04, 1.56, 0.8, 0.98, 1.08, 748, 1
0.98, 1.04, 1.56, 0.8, 0.98, 1.32, 749, 0
0.98, 1.04, 1.56, 1.04, -0.88, 1.35, 804, 0
0.98, 1.04, 1.56, 1.04, -0.64, 1.35, 805, 0
0.98, 1.04, 1.56, 1.04, -0.4, 1.35, 806, 0
0.98, 1.04, 1.56, 1.04, -0.16, 1.35, 807, 0
0.98, 1.04, 1.56, 1.04, 0.08, 1.35, 808, 0
0.98, 1.04, 1.56, 1.04, 0.32, 1.35, 809, 0
0.98, 1.04, 1.56, 1.04, 0.98, 0.12, 750, 0
0.98, 1.04, 1.56, 1.04, 0.98, 0.36, 751, 0
0.98, 1.04, 1.56, 1.04, 0.98, 0.6, 752, 0
0.98, 1.04, 1.56, 1.04, 0.98, 0.84, 753, 0
0.98, 1.04, 1.56, 1.04, 0.98, 1.08, 754, 0
0.98, 1.04, 1.56, 1.04, 0.98, 1.32, 755, 0
