0 1 1
1 1 1
2 1 1
3 2 1
4 2 1
5 3 1
6 3 1
7 4 0
8 4 1
9 4 1
10 4 1
11 5 0
12 5 1
13 5 1
14 5 1
15 6 1
16 6 1
17 6 1
18 6 1
19 7 1
20 7 1
21 7 1
22 7 1
23 8 1
24 9 1
25 9 1
26 10 0
27 10 1
28 10 1
29 10 1
30 11 0
31 11 1
32 11 1
33 11 1
34 12 1
35 12 1
36 12 1
37 12 1
38 13 1
39 13 1
40 13 1
41 13 1
42 14 1
43 14 1
44 14 1
45 15 1
46 15 0
47 15 1
48 15 1
49 16 0
50 16 1
51 16 1
52 16 1
53 17 0
54 17 0
55 17 1
56 17 1
57 18 1
58 18 1
59 18 1
60 18 1
61 19 1
62 19 1
63 19 1
64 20 1
65 20 1
66 20 1
67 21 1
68 21 1
69 21 1
70 22 0
71 22 1
72 22 1
73 22 1
74 23 0
75 23 0
76 23 1
77 23 1
78 24 1
79 24 1
80 24 1
81 25 1
82 25 1
83 25 1
84 26 1
85 26 1
86 26 1
87 27 1
88 27 1
89 27 1
90 28 0
91 28 1
92 28 1
93 28 1
94 29 0
95 29 0
96 29 1
97 29 1
98 30 0
99 30 1
100 30 1
101 30 1
102 31 0
103 31 0
104 31 1
105 31 1
106 32 1
107 32 1
108 32 1
109 33 0
110 33 1
111 34 0
112 34 1
113 34 1
114 35 0
115 35 1
116 35 1
117 36 0
118 36 1
119 36 1
120 37 0
121 37 1
122 37 1
123 38 0
124 38 1
125 38 1
126 39 1
127 40 1
128 40 1
129 41 0
130 41 1
131 42 0
132 42 0
133 42 1
134 42 1
135 43 0
136 43 1
137 43 1
138 44 0
139 44 0
140 44 1
141 45 1
142 45 1
143 45 1
144 46 1
145 46 1
146 47 0
147 47 1
148 47 1
149 48 0
150 48 1
151 48 1
152 49 0
153 49 0
154 49 1
155 50 0
156 50 0
157 50 1
158 51 1
159 51 1
160 52 1
161 52 0
162 53 0
163 53 1
164 53 1
165 54 1
166 54 1
167 54 1
168 54 1
169 55 1
170 55 1
171 55 1
172 55 1
173 56 1
174 56 1
175 56 1
176 56 1
177 58 0
178 58 1
179 58 1
180 58 1
181 59 0
182 59 0
183 59 0
184 59 1
185 60 1
186 60 1
187 60 1
188 61 1
189 61 1
190 61 1
191 61 1
192 62 1
193 62 1
194 62 1
195 62 1
196 63 1
197 63 1
198 63 1
199 64 0
200 64 1
201 64 1
202 64 1
203 65 0
204 65 0
205 65 0
206 65 1
207 66 1
208 66 1
209 66 1
210 67 1
211 67 1
212 67 1
213 67 1
214 68 1
215 68 1
216 68 1
217 68 1
218 69 1
219 69 1
220 69 1
221 69 1
222 70 0
223 70 1
224 70 1
225 70 1
226 71 0
227 71 0
228 71 0
229 71 1
230 72 1
231 72 1
232 72 1
233 73 1
234 73 1
235 73 1
236 74 1
237 74 1
238 74 1
239 75 1
240 75 1
241 75 1
242 76 0
243 76 1
244 76 1
245 76 1
246 77 0
247 77 0
248 77 0
249 77 1
250 78 1
251 78 1
252 78 1
253 79 1
254 79 1
255 79 1
256 80 1
257 80 1
258 80 1
259 81 1
260 82 0
261 82 0
262 82 1
263 82 1
264 83 0
265 83 0
266 83 0
267 83 1
268 84 0
269 84 1
270 84 1
271 85 0
272 85 1
273 85 1
274 85 1
275 86 1
276 86 1
277 86 1
278 87 1
279 88 1
280 88 0
281 88 1
282 89 0
283 89 0
284 89 0
285 89 1
286 90 0
287 90 1
288 90 1
289 91 1
290 91 1
291 91 1
292 92 1
293 92 1
294 92 1
295 93 1
296 93 1
297 93 1
298 94 0
299 94 0
300 94 1
301 95 0
302 95 0
303 95 1
304 96 1
305 96 1
306 97 1
307 97 1
308 97 1
309 98 1
310 98 1
311 98 1
312 99 0
313 99 1
314 100 0
315 100 1
316 101 0
317 101 0
318 101 1
319 102 1
320 102 1
321 103 1
322 103 1
323 104 1
324 104 1
325 105 1
326 106 0
327 106 1
328 107 0
329 107 1
330 108 1
331 108 1
332 109 1
333 109 1
334 109 1
335 110 1
336 110 1
337 110 0
338 111 1
339 111 1
340 111 0
341 112 0
342 113 0
343 114 1
344 114 1
345 114 0
346 115 1
347 115 1
348 115 0
349 116 1
350 116 1
351 116 0
352 117 1
353 117 1
354 117 0
355 118 0
356 118 0
357 118 0
358 119 0
359 119 0
360 120 1
361 120 1
362 120 0
363 121 1
364 121 1
365 121 0
366 122 1
367 122 1
368 122 0
369 122 0
370 123 1
371 123 1
372 123 0
373 124 0
374 124 0
375 124 0
376 125 0
377 125 0
378 125 0
379 126 1
380 126 1
381 126 0
382 127 1
383 127 1
384 127 0
385 128 1
386 128 0
387 128 0
388 129 1
389 129 1
390 129 0
391 130 0
392 130 0
393 131 0
394 131 0
395 131 0
396 132 1
397 132 1
398 132 0
399 133 1
400 133 1
401 133 0
402 134 1
403 134 0
404 134 0
405 135 1
406 135 1
407 135 0
408 136 0
409 137 0
410 137 0
411 138 1
412 138 0
413 139 1
414 139 1
415 139 0
416 140 1
417 140 0
418 140 0
419 141 1
420 141 0
421 143 0
422 143 0
423 144 1
424 144 0
425 145 1
426 145 1
427 145 0
428 146 1
429 146 0
430 146 0
431 147 1
432 147 0
433 147 0
434 148 0
435 148 0
436 149 0
437 149 0
438 150 1
439 150 0
440 151 1
441 151 0
442 152 1
443 152 0
444 152 0
445 153 1
446 153 0
447 153 0
448 154 0
449 155 0
450 155 0
451 156 1
452 156 0
453 157 0
454 157 0
455 158 0
456 158 0
457 159 0
458 159 0
459 159 0
460 160 0
461 160 0
462 160 0
463 161 0
464 161 0
465 162 0
466 163 0
467 163 0
468 164 0
469 164 0
470 165 0
471 165 0
472 165 0
473 166 0
474 166 0
475 166 0
476 167 0
477 167 0
478 168 0
479 169 0
480 169 0
481 170 0
482 170 0
483 170 0
484 171 0
485 171 0
486 172 0
487 172 0
488 172 0
489 173 0
490 173 0
491 173 0
492 175 0
493 175 0
494 176 0
495 176 0
496 176 0
497 177 0
498 177 0
499 177 0
500 178 0
501 178 0
502 178 0
503 179 0
504 179 0
505 179 0
506 180 0
507 181 0
508 181 0
509 182 0
510 182 0
511 182 0
512 183 0
513 183 0
514 183 0
515 184 0
516 184 0
517 185 0
518 185 0
519 186 0
520 186 0
521 187 0
522 187 0
523 187 0
524 188 0
525 188 0
526 188 0
527 189 0
528 189 0
529 189 0
530 190 0
531 190 0
532 190 0
533 191 0
534 191 0
535 191 0
536 192 0
537 193 0
538 194 0
539 194 0
540 194 0
541 195 0
542 195 0
543 195 0
544 196 0
545 196 0
546 197 0
547 197 0
548 197 0
549 199 0
550 199 0
551 200 0
552 200 0
553 201 0
554 201 0
555 202 0
556 202 0
557 202 0
558 203 0
559 203 0
560 205 0
561 206 0
562 206 0
563 207 0
564 207 0
565 208 0
566 208 0
567 209 0
568 209 0
569 216 1
570 216 1
571 216 1
572 216 1
573 217 1
574 217 1
575 217 1
576 217 1
577 218 1
578 218 1
579 219 1
580 219 1
581 220 1
582 220 1
583 221 1
584 221 1
585 222 1
586 222 1
587 222 0
588 223 1
589 223 1
590 223 1
591 224 1
592 226 0
593 226 1
594 226 1
595 227 1
596 227 1
597 227 1
598 228 1
599 228 1
600 228 1
601 228 0
602 229 1
603 229 1
604 229 1
605 229 1
606 230 1
607 230 1
608 230 1
609 231 1
610 231 1
611 232 0
612 232 1
613 232 1
614 232 1
615 233 0
616 233 1
617 233 0
618 234 1
619 234 0
620 234 0
621 235 1
622 235 1
623 235 0
624 236 0
625 236 0
626 237 1
627 237 1
628 237 1
629 238 0
630 238 1
631 238 0
632 239 0
633 239 0
634 239 1
635 239 0
636 241 0
637 241 0
638 241 1
639 242 0
640 242 0
641 243 1
642 243 1
643 243 0
644 243 1
645 244 0
646 244 1
647 244 0
648 244 0
649 245 0
650 245 0
651 245 1
652 245 0
653 246 0
654 246 0
655 246 0
656 246 0
657 247 0
658 247 0
659 247 0
660 247 0
661 248 1
662 248 0
663 248 0
664 249 1
665 249 1
666 250 0
667 250 1
668 250 1
669 250 0
670 251 0
671 251 0
672 251 1
673 251 0
674 252 0
675 252 0
676 252 0
677 252 0
678 253 0
679 253 0
680 253 0
681 253 0
682 254 1
683 254 0
684 255 0
685 255 1
686 255 0
687 256 0
688 256 0
689 256 1
690 256 0
691 257 0
692 257 1
693 257 1
694 258 0
695 258 0
696 258 0
697 259 0
698 259 0
699 259 0
700 259 0
701 260 0
702 260 0
703 260 0
704 261 0
705 261 0
706 262 0
707 262 0
708 262 1
709 262 0
710 263 0
711 263 1
712 263 0
713 264 0
714 264 0
715 264 0
716 264 0
717 265 0
718 265 0
719 265 0
720 265 0
721 266 0
722 266 0
723 266 0
724 267 1
725 267 0
726 268 0
727 269 0
728 269 1
729 270 1
730 270 1
731 271 1
732 271 1
733 271 1
734 272 1
735 272 1
736 275 0
737 275 0
738 275 0
739 276 1
740 276 1
741 277 1
742 277 1
743 277 1
744 278 1
745 278 1
746 278 1
747 279 1
748 280 1
749 280 1
750 281 0
751 281 0
752 281 0
753 282 1
754 282 1
755 283 1
756 283 1
757 283 1
758 283 1
759 284 1
760 284 1
761 284 1
762 284 1
763 285 1
764 285 1
765 285 1
766 286 0
767 286 1
768 286 0
769 286 1
770 287 0
771 287 0
772 287 0
773 287 0
774 288 0
775 288 1
776 289 1
777 289 1
778 289 1
779 289 1
780 290 1
781 290 1
782 290 1
783 291 1
784 291 1
785 291 1
786 292 0
787 292 0
788 292 0
789 292 1
790 293 0
791 293 0
792 293 0
793 293 0
794 294 0
795 294 1
796 295 1
797 295 1
798 295 1
799 296 1
800 296 1
801 296 1
802 298 0
803 298 0
804 298 0
805 298 1
806 299 0
807 299 0
808 299 0
809 299 0
810 300 1
811 300 1
812 301 0
813 301 1
814 301 1
815 302 1
816 302 0
817 302 1
818 302 1
819 304 0
820 304 1
821 304 1
822 304 1
823 305 0
824 305 0
825 305 0
826 305 0
827 306 1
828 306 1
829 307 0
830 307 0
831 307 1
832 307 1
833 308 0
834 308 0
835 308 1
836 308 1
837 309 0
838 309 1
839 310 0
840 310 0
841 310 1
842 311 0
843 311 0
844 311 0
845 311 0
846 312 1
847 312 1
848 313 1
849 313 1
850 313 1
851 314 1
852 314 1
853 314 1
854 316 0
855 317 0
856 317 0
857 317 0
858 318 1
859 318 1
860 319 1
861 319 1
862 320 0
863 320 1
864 322 0
865 323 0
866 323 0
867 323 0
868 324 1
869 324 0
870 325 0
871 325 0
872 326 1
873 326 0
874 326 0
875 327 1
876 327 0
877 327 0
878 328 0
879 329 0
880 329 0
881 329 0
882 330 1
883 330 0
884 331 1
885 331 0
886 331 0
887 332 1
888 332 0
889 332 0
890 333 0
891 333 0
892 334 0
893 335 0
894 335 0
895 335 0
896 336 1
897 336 0
898 337 1
899 337 0
900 337 0
901 338 1
902 338 1
903 338 0
904 338 0
905 339 1
906 339 1
907 339 0
908 339 0
909 340 0
910 340 0
911 341 0
912 341 0
913 341 0
914 342 1
915 342 0
916 343 1
917 343 0
918 343 0
919 344 1
920 344 0
921 344 0
922 345 1
923 345 0
924 345 0
925 345 0
926 346 0
927 346 0
928 346 0
929 346 0
930 347 0
931 347 0
932 347 0
933 347 0
934 348 1
935 348 0
936 349 1
937 349 0
938 349 0
939 350 1
940 350 0
941 350 0
942 351 1
943 351 1
944 351 0
945 351 0
946 352 0
947 352 0
948 352 0
949 352 0
950 353 0
951 353 0
952 353 0
953 353 0
954 354 1
955 354 0
956 355 1
957 355 0
958 355 0
959 356 1
960 356 1
961 356 0
962 356 0
963 357 1
964 357 1
965 357 0
966 357 0
967 358 0
968 358 0
969 358 0
970 358 0
971 359 0
972 359 0
973 359 0
974 360 1
975 360 0
976 361 1
977 361 1
978 361 0
979 362 1
980 362 0
981 362 0
982 363 1
983 363 1
984 363 0
985 363 0
986 364 0
987 365 0
988 365 0
989 366 1
990 366 0
991 367 1
992 367 0
993 367 0
994 368 1
995 368 0
996 368 0
997 369 1
998 369 0
999 369 0
1000 370 0
1001 371 0
1002 371 0
1003 372 0
1004 372 0
1005 373 0
1006 373 0
1007 374 0
1008 375 0
1009 375 0
1010 375 0
1011 376 0
1012 376 0
1013 376 0
1014 376 0
1015 377 0
1016 377 0
1017 378 0
1018 378 0
1019 378 0
1020 379 0
1021 379 0
1022 379 0
1023 380 0
1024 380 0
1025 381 0
1026 381 0
1027 381 0
1028 382 0
1029 382 0
1030 382 0
1031 383 0
1032 383 0
1033 384 0
1034 384 0
1035 384 0
1036 385 0
1037 385 0
1038 385 0
1039 385 0
1040 386 0
1041 386 0
1042 386 0
1043 387 0
1044 387 0
1045 388 0
1046 388 0
1047 389 0
1048 389 0
1049 389 0
1050 390 0
1051 390 0
1052 390 0
1053 390 0
1054 391 0
1055 391 0
1056 391 0
1057 391 0
1058 392 0
1059 392 0
1060 392 0
1061 393 0
1062 393 0
1063 393 0
1064 394 0
1065 394 0
1066 394 0
1067 395 0
1068 395 0
1069 395 0
1070 396 0
1071 396 0
1072 396 0
1073 397 0
1074 397 0
1075 397 0
1076 397 0
1077 398 0
1078 398 0
1079 398 0
1080 398 0
1081 399 0
1082 399 0
1083 399 0
1084 400 0
1085 400 0
1086 400 0
1087 400 0
1088 401 0
1089 401 0
1090 401 0
1091 401 0
1092 402 0
1093 402 0
1094 402 0
1095 403 0
1096 403 0
1097 403 0
1098 403 0
1099 404 0
1100 404 0
1101 404 0
1102 404 0
1103 405 0
1104 405 0
1105 405 0
1106 405 0
1107 406 0
1108 406 0
1109 406 0
1110 406 0
1111 407 0
1112 407 0
1113 407 0
1114 407 0
1115 408 0
1116 408 0
1117 408 0
1118 409 0
1119 409 0
1120 409 0
1121 409 0
1122 410 0
1123 410 0
1124 410 0
1125 411 0
1126 411 0
1127 411 0
1128 411 0
1129 412 0
1130 412 0
1131 412 0
1132 412 0
1133 413 0
1134 413 0
1135 413 0
1136 413 0
1137 414 0
1138 414 0
1139 415 0
1140 415 0
1141 415 0
1142 416 0
1143 416 0
1144 417 0
1145 417 0
1146 417 0
1147 417 0
1148 418 0
1149 418 0
1150 418 0
1151 418 0
1152 419 0
1153 422 0
1154 422 0
1155 422 0
1156 423 0
1157 423 0
1158 424 0
1159 424 0
1160 424 0
1161 425 0
1162 425 0
1163 432 1
1164 432 1
1165 432 0
1166 432 0
1167 433 1
1168 433 1
1169 433 0
1170 433 0
1171 434 1
1172 434 0
1173 435 1
1174 435 0
1175 435 0
1176 436 1
1177 436 1
1178 437 1
1179 437 1
1180 438 1
1181 438 1
1182 438 0
1183 438 0
1184 439 1
1185 439 0
1186 439 0
1187 440 1
1188 440 1
1189 440 0
1190 440 0
1191 441 1
1192 441 0
1193 442 1
1194 442 0
1195 442 0
1196 443 0
1197 443 1
1198 444 1
1199 444 1
1200 444 0
1201 444 0
1202 445 1
1203 445 1
1204 445 0
1205 445 0
1206 446 1
1207 446 0
1208 446 0
1209 447 0
1210 448 0
1211 448 1
1212 448 0
1213 448 0
1214 449 1
1215 449 1
1216 450 1
1217 450 0
1218 450 0
1219 450 0
1220 451 1
1221 451 0
1222 451 0
1223 451 0
1224 452 0
1225 452 0
1226 452 0
1227 453 1
1228 453 1
1229 453 0
1230 454 0
1231 454 1
1232 454 0
1233 454 0
1234 455 0
1235 455 0
1236 455 1
1237 455 0
1238 456 0
1239 456 0
1240 456 0
1241 457 0
1242 457 0
1243 457 0
1244 458 0
1245 458 0
1246 458 0
1247 459 1
1248 459 0
1249 459 0
1250 459 0
1251 460 0
1252 460 1
1253 460 0
1254 460 0
1255 461 0
1256 461 1
1257 461 1
1258 461 0
1259 462 0
1260 462 0
1261 462 0
1262 462 0
1263 463 0
1264 463 0
1265 463 0
1266 463 0
1267 464 1
1268 464 1
1269 464 0
1270 464 0
1271 465 1
1272 465 1
1273 465 0
1274 465 0
1275 466 0
1276 466 1
1277 466 0
1278 466 0
1279 467 0
1280 467 0
1281 467 0
1282 467 0
1283 468 0
1284 468 0
1285 468 0
1286 468 0
1287 469 0
1288 469 0
1289 469 0
1290 469 0
1291 470 1
1292 470 0
1293 470 0
1294 470 0
1295 471 0
1296 471 0
1297 471 0
1298 472 0
1299 472 0
1300 472 1
1301 472 0
1302 473 0
1303 473 0
1304 473 1
1305 473 1
1306 474 0
1307 474 0
1308 474 0
1309 474 0
1310 475 0
1311 475 0
1312 475 0
1313 475 0
1314 476 1
1315 476 0
1316 476 0
1317 477 0
1318 477 0
1319 478 0
1320 478 0
1321 478 1
1322 478 0
1323 479 0
1324 479 0
1325 479 0
1326 479 0
1327 481 0
1328 481 0
1329 481 0
1330 482 0
1331 483 0
1332 484 0
1333 484 0
1334 484 0
1335 484 0
1336 485 0
1337 485 0
1338 485 0
1339 486 0
1340 487 1
1341 487 0
1342 487 0
1343 488 1
1344 488 0
1345 489 1
1346 489 0
1347 490 1
1348 491 0
1349 492 1
1350 492 0
1351 493 1
1352 493 1
1353 493 0
1354 493 0
1355 494 1
1356 494 1
1357 494 0
1358 495 0
1359 496 1
1360 498 1
1361 498 0
1362 498 0
1363 498 0
1364 499 1
1365 499 0
1366 499 0
1367 500 1
1368 500 0
1369 501 1
1370 501 0
1371 502 0
1372 504 1
1373 504 0
1374 504 0
1375 504 0
1376 505 1
1377 505 0
1378 505 0
1379 505 0
1380 506 0
1381 509 0
1382 510 0
1383 510 0
1384 510 0
1385 511 0
1386 511 0
1387 511 0
1388 512 1
1389 512 0
1390 513 0
1391 513 0
1392 514 0
1393 514 0
1394 514 0
1395 515 0
1396 516 0
1397 516 0
1398 516 0
1399 516 0
1400 517 0
1401 517 0
1402 517 0
1403 518 1
1404 518 0
1405 519 1
1406 519 0
1407 520 0
1408 520 1
1409 521 0
1410 521 0
1411 521 1
1412 522 0
1413 522 0
1414 523 0
1415 523 0
1416 523 0
1417 525 0
1418 525 0
1419 525 0
1420 525 0
1421 526 0
1422 526 0
1423 526 0
1424 526 1
1425 527 0
1426 527 0
1427 527 1
1428 528 0
1429 528 0
1430 528 0
1431 529 0
1432 529 0
1433 530 0
1434 530 0
1435 530 1
1436 531 0
1437 531 0
1438 531 0
1439 532 0
1440 532 0
1441 533 0
1442 540 0
1443 540 0
1444 541 1
1445 541 0
1446 541 0
1447 542 1
1448 542 1
1449 543 1
1450 543 1
1451 544 0
1452 544 0
1453 545 0
1454 545 0
1455 545 0
1456 546 1
1457 546 0
1458 546 0
1459 547 1
1460 547 0
1461 547 0
1462 548 1
1463 548 1
1464 548 0
1465 549 1
1466 549 1
1467 549 1
1468 550 1
1469 550 0
1470 550 0
1471 551 0
1472 551 0
1473 551 0
1474 552 1
1475 552 1
1476 552 0
1477 552 0
1478 553 1
1479 553 0
1480 553 1
1481 553 0
1482 554 1
1483 554 1
1484 554 1
1485 554 0
1486 555 1
1487 555 1
1488 556 1
1489 556 0
1490 556 0
1491 557 0
1492 557 0
1493 557 0
1494 557 0
1495 558 1
1496 558 0
1497 558 0
1498 558 0
1499 559 1
1500 559 0
1501 559 1
1502 559 0
1503 560 1
1504 560 1
1505 560 0
1506 561 1
1507 561 0
1508 562 0
1509 562 0
1510 562 0
1511 563 0
1512 563 0
1513 563 0
1514 563 0
1515 564 0
1516 564 0
1517 564 0
1518 565 0
1519 565 0
1520 565 0
1521 566 1
1522 566 0
1523 566 0
1524 567 0
1525 567 1
1526 568 0
1527 568 0
1528 568 0
1529 568 0
1530 569 0
1531 569 0
1532 569 0
1533 569 0
1534 570 0
1535 570 0
1536 570 0
1537 571 0
1538 571 0
1539 571 0
1540 571 0
1541 572 1
1542 572 0
1543 572 0
1544 572 0
1545 573 1
1546 573 1
1547 573 0
1548 573 0
1549 574 0
1550 574 0
1551 574 0
1552 574 0
1553 575 0
1554 575 0
1555 575 0
1556 575 0
1557 576 0
1558 576 1
1559 576 0
1560 577 0
1561 577 0
1562 577 1
1563 577 1
1564 578 0
1565 578 0
1566 578 1
1567 578 0
1568 579 1
1569 579 1
1570 579 0
1571 579 0
1572 580 0
1573 580 0
1574 580 0
1575 580 0
1576 581 0
1577 581 0
1578 581 0
1579 581 0
1580 582 0
1581 582 0
1582 582 0
1583 582 0
1584 583 0
1585 583 0
1586 583 1
1587 583 0
1588 584 1
1589 584 0
1590 584 0
1591 584 1
1592 585 0
1593 585 1
1594 586 0
1595 586 0
1596 586 0
1597 587 0
1598 587 0
1599 587 0
1600 587 0
1601 588 0
1602 588 0
1603 588 0
1604 589 0
1605 589 0
1606 589 0
1607 589 0
1608 590 0
1609 590 0
1610 590 0
1611 590 0
1612 592 0
1613 592 0
1614 592 0
1615 592 0
1616 594 1
1617 594 0
1618 594 1
1619 595 1
1620 596 1
1621 598 0
1622 598 0
1623 600 1
1624 600 0
1625 600 0
1626 601 1
1627 601 0
1628 602 0
1629 603 1
1630 603 1
1631 604 0
1632 605 0
1633 606 0
1634 606 0
1635 607 1
1636 607 1
1637 607 1
1638 608 1
1639 608 0
1640 609 1
1641 610 0
1642 610 0
1643 610 0
1644 610 0
1645 611 0
1646 611 0
1647 612 0
1648 612 0
1649 612 0
1650 613 0
1651 613 0
1652 613 0
1653 614 1
1654 614 0
1655 615 1
1656 615 0
1657 616 0
1658 616 0
1659 617 0
1660 617 0
1661 617 0
1662 618 0
1663 618 0
1664 618 0
1665 618 0
1666 619 1
1667 619 0
1668 619 0
1669 620 1
1670 620 0
1671 621 0
1672 622 0
1673 623 0
1674 623 0
1675 623 0
1676 623 0
1677 624 0
1678 624 0
1679 624 0
1680 625 0
1681 625 0
1682 625 0
1683 625 0
1684 626 0
1685 626 0
1686 626 0
1687 626 1
1688 627 0
1689 628 0
1690 628 0
1691 628 0
1692 629 0
1693 629 0
1694 630 0
1695 630 0
1696 630 0
1697 631 0
1698 631 0
1699 631 0
1700 631 0
1701 632 0
1702 632 0
1703 632 0
1704 632 0
1705 633 0
1706 633 0
1707 634 0
1708 634 0
1709 634 0
1710 636 0
1711 636 0
1712 636 0
1713 637 0
1714 637 0
1715 637 0
1716 638 0
1717 638 0
1718 638 0
1719 639 1
1720 639 0
1721 639 0
1722 648 1
1723 648 0
1724 649 0
1725 649 0
1726 650 1
1727 650 0
1728 650 0
1729 651 1
1730 651 0
1731 653 0
1732 654 0
1733 654 0
1734 655 1
1735 655 0
1736 655 0
1737 656 1
1738 656 0
1739 656 0
1740 657 0
1741 657 0
1742 659 0
1743 659 0
1744 659 0
1745 660 0
1746 660 0
1747 661 1
1748 661 0
1749 661 0
1750 662 1
1751 662 0
1752 662 0
1753 663 0
1754 663 0
1755 664 0
1756 665 0
1757 665 0
1758 666 0
1759 666 0
1760 666 0
1761 667 0
1762 667 0
1763 667 0
1764 668 1
1765 668 0
1766 669 1
1767 669 1
1768 669 0
1769 670 0
1770 671 0
1771 671 0
1772 672 0
1773 672 0
1774 672 0
1775 673 0
1776 673 0
1777 674 1
1778 674 0
1779 675 1
1780 675 0
1781 675 0
1782 676 0
1783 676 0
1784 677 0
1785 677 0
1786 677 0
1787 678 0
1788 678 0
1789 678 0
1790 679 0
1791 679 0
1792 680 1
1793 680 1
1794 680 0
1795 681 1
1796 681 0
1797 681 0
1798 682 0
1799 682 0
1800 682 0
1801 683 0
1802 683 0
1803 683 0
1804 684 0
1805 684 0
1806 685 1
1807 685 0
1808 686 0
1809 686 1
1810 686 0
1811 687 1
1812 687 0
1813 687 0
1814 688 0
1815 688 0
1816 688 0
1817 689 0
1818 689 0
1819 690 0
1820 690 0
1821 691 0
1822 691 1
1823 691 0
1824 692 1
1825 692 1
1826 692 0
1827 693 1
1828 693 0
1829 693 0
1830 694 0
1831 695 0
1832 695 0
1833 696 0
1834 696 0
1835 697 0
1836 697 0
1837 698 0
1838 698 1
1839 699 1
1840 699 0
1841 704 1
1842 705 0
1843 706 0
1844 706 0
1845 708 1
1846 709 1
1847 710 1
1848 711 1
1849 711 0
1850 711 0
1851 714 1
1852 716 1
1853 717 1
1854 717 0
1855 718 0
1856 720 0
1857 720 0
1858 721 0
1859 721 0
1860 722 1
1861 723 1
1862 723 0
1863 724 0
1864 726 0
1865 726 0
1866 727 0
1867 727 0
1868 728 0
1869 728 0
1870 728 0
1871 729 0
1872 730 0
1873 731 0
1874 732 0
1875 732 0
1876 733 0
1877 733 0
1878 733 0
1879 734 0
1880 734 0
1881 734 0
1882 735 1
1883 735 0
1884 736 0
1885 738 0
1886 738 0
1887 739 0
1888 739 0
1889 739 0
1890 740 0
1891 740 0
1892 740 0
1893 741 0
1894 741 0
1895 742 0
1896 744 0
1897 744 0
1898 745 0
1899 745 0
1900 746 0
1901 746 0
1902 747 0
1903 748 0
1904 756 0
1905 756 0
1906 756 0
1907 757 0
1908 757 0
1909 758 0
1910 758 0
1911 758 0
1912 759 0
1913 759 0
1914 760 0
1915 760 0
1916 760 0
1917 761 0
1918 761 0
1919 762 0
1920 762 0
1921 763 0
1922 763 0
1923 763 0
1924 764 0
1925 764 0
1926 764 0
1927 765 0
1928 765 0
1929 766 0
1930 766 0
1931 767 0
1932 767 0
1933 767 0
1934 768 0
1935 768 0
1936 768 0
1937 769 0
1938 769 0
1939 769 0
1940 769 0
1941 770 0
1942 770 0
1943 771 0
1944 771 0
1945 772 0
1946 772 0
1947 772 0
1948 773 0
1949 773 0
1950 773 0
1951 774 0
1952 774 0
1953 774 0
1954 775 0
1955 775 0
1956 776 0
1957 776 0
1958 777 0
1959 777 0
1960 777 0
1961 778 0
1962 778 0
1963 778 0
1964 779 0
1965 779 0
1966 779 0
1967 780 0
1968 780 0
1969 781 0
1970 781 0
1971 781 0
1972 782 0
1973 782 0
1974 782 0
1975 783 0
1976 783 0
1977 783 0
1978 784 0
1979 784 0
1980 784 0
1981 785 0
1982 785 0
1983 785 0
1984 786 0
1985 786 0
1986 787 0
1987 787 0
1988 788 0
1989 788 0
1990 788 0
1991 789 0
1992 789 0
1993 789 0
1994 790 0
1995 790 0
1996 790 0
1997 791 0
1998 791 0
1999 791 0
2000 792 0
2001 792 0
2002 793 0
2003 793 0
2004 793 0
2005 794 0
2006 794 0
2007 795 0
2008 795 0
2009 795 0
2010 796 0
2011 796 0
2012 796 0
2013 797 0
2014 797 0
2015 798 0
2016 798 0
2017 799 0
2018 799 0
2019 800 0
2020 800 0
2021 801 0
2022 801 0
2023 802 0
2024 802 0
2025 803 0
