1
1
2
2
3
4
5
5
6
7
8
8
9
9
10
11
11
12
13
13
14
14
15
16
16
17
17
18
18
19
19
20
20
21
21
22
22
23
24
24
25
25
26
26
27
27
28
28
29
29
30
30
31
32
32
33
33
34
34
35
35
36
37
37
38
38
39
40
40
41
41
42
43
44
44
45
46
46
47
48
48
49
50
50
51
52
52
53
53
54
54
55
56
56
57
58
58
59
60
61
61
63
64
65
65
66
66
67
68
70
71
72
72
74
74
76
76
77
78
80
80
81
81
82
82
83
84
84
85
85
86
87
88
88
89
89
90
90
91
92
92
93
93
94
94
95
96
96
97
97
98
98
99
99
100
100
101
101
102
102
103
104
104
105
105
106
106
107
108
109
109
110
110
111
112
112
113
113
114
115
116
116
117
117
118
118
119
120
120
121
121
122
123
124
124
125
125
126
127
128
128
129
129
130
130
133
133
134
135
136
137
138
138
139
141
142
143
144
144
145
145
148
152
152
153
153
154
154
156
156
157
157
158
160
160
161
161
162
162
163
163
164
164
165
165
166
166
167
168
168
169
169
170
170
171
172
172
173
173
174
174
175
176
176
177
177
178
178
179
180
181
181
182
182
183
184
184
185
185
186
186
187
187
188
188
189
189
190
190
191
192
192
193
193
194
195
195
197
197
198
199
200
201
202
203
205
206
207
208
209
210
211
213
214
215
216
216
217
217
218
218
220
224
224
225
225
226
226
228
228
229
232
232
233
233
234
234
235
235
236
236
237
237
240
241
241
242
242
243
243
244
244
245
245
246
246
248
249
249
250
250
251
252
252
253
253
254
254
255
256
257
257
258
258
259
260
261
261
262
262
263
264
265
265
266
267
268
269
269
270
271
272
273
274
275
275
276
277
278
279
280
281
282
283
284
285
286
287
288
289
290
291
296
296
297
297
298
298
299
301
304
305
305
306
306
307
307
308
309
312
313
313
314
314
315
316
316
317
320
321
321
322
322
323
323
324
324
325
325
326
328
329
329
330
330
331
333
333
334
336
337
338
338
340
341
341
342
344
345
346
347
347
348
349
350
352
353
354
355
356
357
358
360
361
362
363
369
370
371
376
377
378
379
380
381
384
385
385
386
387
389
392
393
393
394
394
395
397
400
401
401
402
402
403
403
404
405
408
409
410
410
411
413
416
417
418
419
419
420
424
425
426
428
432
433
434
435
441
442
443
444
449
450
451
452
453
457
458
459
460
461
465
466
467
468
469
472
473
474
475
477
480
482
483
488
489
490
496
497
500
504
505
506
507
512
513
514
515
516
520
521
522
523
524
525
528
529
530
531
532
533
537
538
539
541
545
546
547
553
554
564
565
576
576
577
577
578
578
579
580
581
581
582
583
585
585
586
587
588
589
589
590
590
591
592
592
593
593
594
595
595
596
596
597
597
598
598
599
600
600
601
601
602
602
603
603
604
604
605
605
606
606
607
608
608
609
609
610
610
611
611
612
613
613
614
614
615
616
616
617
617
618
619
620
621
621
622
622
623
624
624
625
625
626
626
627
628
629
629
630
630
631
632
633
634
634
635
637
639
640
641
642
642
643
646
647
648
648
649
649
650
650
651
652
652
653
653
654
655
656
656
658
658
659
660
660
661
661
662
663
664
664
665
665
666
666
667
668
668
669
669
670
670
671
672
672
673
673
674
674
675
675
676
676
677
677
678
678
679
680
680
681
681
682
682
683
684
684
685
685
686
686
687
688
688
689
689
690
691
691
692
693
693
694
694
695
696
696
697
698
700
701
701
702
703
704
705
705
706
706
707
710
711
712
713
713
714
714
715
715
717
718
719
720
720
721
721
722
722
724
725
726
727
728
728
729
729
732
732
733
733
734
735
736
737
737
738
738
740
740
741
741
742
742
743
744
745
745
746
746
747
747
748
748
749
749
750
750
751
752
753
753
754
754
755
756
756
757
757
758
758
759
760
760
761
761
762
763
764
764
765
765
766
766
767
768
768
769
769
770
771
773
773
774
775
776
777
778
779
779
781
782
783
784
785
786
787
789
790
791
792
793
793
794
794
795
797
800
801
801
802
802
804
804
805
805
806
808
809
809
810
810
811
811
812
812
813
813
814
815
816
817
817
818
818
819
819
820
820
821
821
822
822
823
824
825
825
826
826
827
828
828
829
829
830
830
831
832
833
833
834
835
836
837
837
838
838
839
840
841
841
842
843
843
844
845
845
846
847
848
849
850
851
851
853
854
855
856
857
858
861
862
863
864
865
865
866
866
872
873
873
874
874
875
875
877
880
881
881
882
882
883
883
884
884
885
885
888
889
889
890
890
891
891
892
892
893
893
894
896
897
897
898
898
899
899
900
900
901
901
902
902
904
905
905
906
906
908
909
909
910
910
912
913
914
914
915
915
916
917
917
918
920
921
922
923
923
924
925
925
926
927
928
929
930
933
934
935
936
937
937
938
939
944
945
945
946
946
947
952
953
953
954
954
955
955
957
960
961
961
962
962
963
963
965
968
969
969
970
970
971
971
972
973
976
977
977
978
978
979
980
981
984
985
986
986
988
989
992
993
994
996
997
1000
1001
1002
1005
1009
1010
1011
1012
1017
1018
1019
1020
1024
1025
1026
1027
1028
1029
1032
1033
1033
1034
1035
1036
1037
1040
1041
1041
1042
1043
1044
1045
1048
1049
1049
1050
1051
1053
1056
1057
1058
1058
1059
1061
1064
1065
1069
1072
1073
1074
1076
1081
1082
1083
1089
1090
1091
1092
1097
1098
1099
1100
1105
1106
1107
1108
1109
1113
1114
1115
1116
1117
1121
1122
1123
1129
1130
1133
1138
1147
1148
1152
1152
1153
1153
1154
1155
1155
1156
1157
1157
1158
1159
1160
1160
1161
1161
1162
1163
1163
1164
1165
1165
1166
1166
1167
1169
1169
1170
1171
1171
1172
1172
1173
1173
1174
1174
1175
1176
1176
1177
1177
1178
1178
1179
1179
1180
1180
1181
1181
1182
1182
1183
1184
1184
1185
1185
1186
1186
1187
1187
1188
1189
1189
1190
1190
1191
1192
1192
1193
1193
1194
1195
1196
1196
1197
1197
1198
1198
1199
1200
1200
1201
1201
1202
1202
1203
1204
1204
1205
1205
1206
1206
1207
1208
1208
1209
1210
1210
1211
1215
1216
1217
1218
1218
1219
1221
1222
1223
1224
1224
1225
1225
1226
1226
1227
1228
1229
1229
1230
1231
1232
1232
1233
1233
1234
1234
1235
1235
1236
1237
1237
1238
1239
1240
1240
1242
1242
1243
1243
1244
1244
1245
1245
1246
1246
1247
1248
1248
1249
1249
1250
1250
1251
1251
1252
1252
1253
1253
1254
1254
1255
1256
1256
1257
1257
1258
1258
1259
1259
1260
1260
1261
1261
1262
1262
1263
1264
1264
1265
1265
1266
1268
1269
1269
1270
1270
1271
1272
1272
1273
1274
1275
1277
1277
1278
1279
1280
1280
1281
1281
1282
1282
1283
1285
1286
1287
1288
1289
1290
1290
1291
1291
1294
1295
1296
1297
1297
1298
1299
1300
1300
1301
1301
1302
1303
1304
1305
1305
1306
1306
1307
1308
1308
1309
1309
1310
1311
1312
1313
1313
1316
1316
1317
1317
1318
1318
1319
1320
1321
1321
1322
1322
1323
1323
1324
1324
1325
1325
1326
1326
1327
1328
1329
1329
1330
1330
1331
1332
1332
1333
1333
1334
1334
1335
1336
1337
1337
1338
1339
1340
1340
1341
1341
1342
1342
1343
1344
1345
1346
1347
1347
1349
1349
1350
1351
1352
1353
1354
1355
1357
1358
1359
1360
1361
1362
1366
1367
1368
1369
1369
1370
1370
1372
1373
1374
1375
1376
1377
1377
1378
1378
1379
1380
1380
1381
1381
1382
1383
1384
1385
1385
1386
1386
1388
1388
1389
1389
1390
1390
1391
1392
1393
1393
1394
1394
1395
1395
1396
1396
1397
1397
1398
1398
1399
1400
1401
1401
1402
1402
1403
1404
1404
1405
1405
1406
1406
1407
1408
1409
1409
1410
1410
1411
1411
1412
1412
1413
1413
1414
1414
1415
1416
1417
1417
1418
1419
1419
1421
1421
1422
1423
1424
1425
1426
1427
1429
1430
1431
1432
1433
1434
1436
1437
1438
1439
1440
1441
1442
1442
1443
1443
1445
1448
1449
1449
1450
1450
1451
1451
1452
1452
1453
1453
1454
1456
1457
1457
1458
1458
1459
1459
1461
1461
1462
1464
1465
1465
1466
1466
1467
1467
1468
1468
1469
1469
1470
1470
1472
1473
1473
1474
1474
1475
1475
1476
1476
1477
1477
1478
1478
1479
1480
1481
1481
1482
1482
1483
1484
1485
1485
1486
1486
1487
1488
1489
1490
1490
1491
1493
1493
1494
1495
1496
1497
1498
1499
1501
1501
1502
1503
1504
1505
1506
1508
1509
1510
1511
1512
1513
1514
1514
1515
1515
1520
1521
1521
1522
1522
1523
1523
1524
1525
1528
1529
1529
1530
1530
1531
1531
1536
1537
1537
1538
1538
1539
1539
1540
1540
1541
1544
1545
1545
1546
1546
1547
1547
1548
1549
1549
1552
1553
1553
1554
1554
1555
1555
1556
1556
1557
1557
1560
1561
1562
1562
1563
1564
1565
1568
1569
1570
1573
1573
1576
1577
1580
1581
1584
1586
1587
1592
1593
1593
1594
1595
1596
1597
1600
1601
1601
1602
1603
1604
1605
1608
1609
1609
1610
1610
1611
1612
1613
1616
1617
1617
1618
1618
1619
1621
1624
1625
1625
1626
1626
1627
1629
1632
1633
1634
1634
1635
1637
1640
1641
1642
1642
1644
1645
1648
1649
1650
1651
1652
1657
1658
1659
1660
1665
1666
1667
1668
1673
1674
1675
1676
1677
1681
1682
1683
1684
1685
1689
1690
1691
1692
1693
1697
1698
1699
1705
1706
1707
1709
1716
1723
1728
1728
1729
1729
1730
1731
1731
1732
1732
1733
1733
1734
1735
1736
1736
1737
1737
1738
1739
1740
1740
1741
1741
1742
1742
1743
1744
1744
1745
1745
1746
1747
1748
1749
1749
1750
1750
1751
1753
1753
1754
1755
1755
1756
1756
1757
1757
1758
1758
1759
1760
1760
1761
1761
1762
1762
1763
1763
1764
1765
1765
1766
1766
1767
1768
1768
1769
1769
1770
1770
1771
1771
1772
1773
1773
1774
1774
1775
1776
1776
1777
1777
1778
1778
1780
1781
1782
1782
1783
1784
1784
1785
1786
1788
1789
1790
1791
1792
1792
1793
1793
1794
1794
1795
1800
1800
1801
1801
1802
1802
1804
1805
1806
1807
1808
1808
1809
1809
1810
1810
1812
1812
1813
1813
1814
1815
1816
1816
1817
1817
1818
1819
1819
1820
1820
1821
1821
1822
1822
1823
1824
1826
1826
1827
1828
1828
1829
1829
1830
1830
1831
1832
1833
1833
1834
1834
1835
1835
1836
1836
1837
1837
1838
1838
1839
1840
1840
1841
1841
1842
1843
1844
1844
1845
1845
1846
1846
1847
1848
1848
1849
1850
1850
1851
1853
1853
1854
1855
1856
1856
1857
1858
1858
1860
1861
1862
1863
1864
1865
1866
1866
1871
1872
1873
1873
1874
1874
1875
1876
1877
1878
1879
1880
1881
1881
1882
1882
1883
1884
1884
1885
1885
1886
1887
1888
1889
1889
1890
1890
1892
1892
1893
1893
1894
1894
1895
1896
1897
1897
1899
1899
1900
1900
1901
1901
1902
1902
1903
1904
1905
1905
1906
1906
1907
1907
1908
1908
1909
1909
1910
1910
1911
1912
1913
1913
1914
1914
1915
1916
1916
1917
1917
1918
1918
1919
1920
1921
1922
1923
1925
1925
1926
1927
1928
1929
1929
1930
1930
1931
1933
1934
1935
1936
1937
1938
1939
1940
1941
1942
1943
1944
1945
1946
1947
1948
1949
1950
1951
1952
1953
1953
1954
1954
1956
1957
1957
1958
1959
1960
1961
1961
1962
1962
1963
1963
1964
1964
1965
1965
1966
1966
1967
1968
1969
1969
1970
1970
1972
1972
1973
1973
1974
1974
1975
1976
1977
1977
1978
1978
1979
1980
1980
1981
1981
1982
1982
1983
1984
1985
1985
1986
1986
1987
1988
1989
1989
1990
1990
1991
1992
1993
1993
1994
1995
1997
1997
1998
1999
2000
2001
2002
2003
2003
2004
2005
2006
2007
2008
2009
2012
2014
2015
2016
2017
2018
2018
2019
2021
2022
2024
2025
2026
2026
2027
2029
2029
2030
2032
2033
2033
2034
2034
2035
2035
2036
2037
2037
2038
2039
2040
2041
2041
2042
2042
2043
2043
2045
2045
2046
2046
2047
2048
2049
2049
2050
2050
2051
2051
2052
2052
2053
2053
2054
2054
2055
2056
2057
2057
2058
2058
2059
2059
2060
2061
2061
2062
2062
2063
2064
2065
2066
2066
2069
2070
2071
2072
2073
2074
2075
2076
2077
2077
2078
2079
2080
2081
2084
2086
2087
2088
2089
2090
2090
2092
2096
2097
2098
2098
2099
2099
2100
2101
2104
2105
2105
2106
2106
2107
2107
2109
2109
2112
2113
2113
2114
2114
2115
2115
2116
2120
2121
2121
2122
2122
2123
2123
2124
2125
2125
2128
2129
2129
2130
2130
2131
2131
2132
2133
2133
2136
2137
2138
2138
2140
2141
2141
2144
2145
2147
2149
2149
2152
2153
2154
2156
2157
2160
2161
2162
2163
2168
2169
2170
2170
2171
2172
2173
2176
2177
2177
2178
2178
2179
2180
2184
2185
2185
2186
2186
2187
2187
2188
2189
2192
2193
2193
2194
2194
2195
2195
2196
2197
2200
2201
2201
2202
2202
2203
2203
2205
2208
2209
2210
2210
2211
2216
2217
2218
2219
2224
2228
2234
2235
2236
2241
2242
2243
2244
2249
2250
2251
2252
2253
2256
2257
2258
2259
2260
2264
2265
2266
2267
2268
2272
2273
2274
2275
2276
2280
2281
2282
2283
2290
2299
2304
2304
2305
2305
2306
2308
2309
2310
2311
2312
2312
2313
2313
2314
2315
2316
2317
2317
2318
2319
2320
2320
2321
2321
2322
2323
2323
2324
2325
2326
2326
2327
2328
2328
2329
2329
2330
2331
2331
2332
2332
2333
2333
2334
2334
2335
2337
2337
2338
2339
2339
2340
2340
2341
2341
2342
2342
2343
2344
2344
2345
2345
2346
2348
2349
2349
2350
2350
2351
2352
2352
2353
2354
2354
2356
2357
2358
2358
2359
2360
2360
2361
2362
2362
2364
2365
2366
2368
2368
2369
2369
2370
2372
2375
2376
2376
2377
2377
2378
2378
2380
2382
2383
2384
2384
2385
2385
2386
2388
2389
2389
2390
2391
2392
2392
2393
2393
2394
2395
2396
2397
2397
2398
2398
2399
2400
2401
2401
2402
2402
2403
2403
2404
2404
2405
2405
2406
2406
2407
2408
2410
2410
2411
2411
2412
2412
2413
2413
2414
2414
2415
2416
2416
2417
2417
2418
2418
2419
2419
2420
2421
2421
2422
2422
2423
2424
2424
2425
2425
2426
2426
2428
2429
2429
2430
2431
2432
2432
2433
2433
2434
2434
2437
2437
2438
2439
2440
2441
2441
2442
2444
2446
2447
2448
2449
2449
2450
2452
2453
2454
2455
2456
2457
2457
2458
2460
2460
2461
2461
2462
2463
2464
2465
2465
2466
2466
2468
2468
2469
2469
2470
2470
2471
2472
2473
2473
2474
2474
2475
2476
2476
2477
2477
2478
2478
2479
2480
2481
2481
2483
2483
2484
2484
2485
2485
2486
2486
2487
2488
2489
2489
2490
2490
2491
2492
2492
2493
2493
2494
2494
2495
2496
2497
2497
2498
2500
2501
2501
2502
2503
2504
2505
2506
2506
2507
2508
2509
2510
2511
2512
2513
2514
2518
2519
2520
2521
2522
2523
2524
2525
2526
2527
2528
2529
2529
2530
2530
2532
2533
2533
2534
2535
2536
2537
2537
2538
2538
2539
2540
2541
2541
2542
2542
2543
2544
2545
2545
2546
2546
2547
2547
2548
2548
2549
2549
2550
2550
2551
2552
2553
2553
2554
2554
2556
2556
2557
2557
2558
2558
2559
2560
2561
2561
2562
2562
2563
2564
2564
2565
2565
2566
2566
2567
2568
2569
2569
2570
2573
2573
2574
2575
2576
2577
2578
2579
2579
2580
2581
2582
2583
2584
2585
2586
2588
2589
2590
2591
2592
2593
2594
2595
2596
2597
2597
2598
2599
2600
2601
2602
2602
2603
2603
2604
2605
2605
2606
2607
2608
2609
2609
2610
2610
2611
2612
2612
2613
2613
2614
2615
2616
2617
2617
2618
2618
2619
2619
2620
2620
2621
2621
2622
2622
2623
2624
2625
2625
2626
2626
2627
2627
2629
2629
2630
2630
2631
2632
2633
2633
2634
2634
2635
2635
2636
2637
2637
2638
2639
2640
2641
2642
2642
2643
2645
2645
2646
2647
2648
2649
2650
2651
2652
2654
2656
2657
2658
2661
2662
2664
2665
2666
2667
2668
2669
2672
2673
2674
2674
2675
2675
2677
2680
2681
2681
2682
2682
2683
2683
2685
2685
2688
2689
2689
2690
2690
2691
2691
2693
2693
2696
2697
2697
2698
2698
2699
2699
2700
2704
2705
2705
2706
2706
2707
2707
2708
2709
2709
2712
2713
2714
2714
2715
2717
2720
2721
2723
2724
2728
2729
2730
2731
2736
2737
2738
2738
2739
2744
2745
2746
2746
2747
2749
2752
2753
2753
2754
2754
2755
2755
2756
2757
2760
2761
2761
2762
2762
2763
2763
2764
2765
2768
2769
2769
2770
2770
2771
2771
2772
2773
2776
2777
2777
2778
2778
2779
2779
2780
2781
2784
2785
2786
2786
2792
2793
2794
2794
2800
2801
2803
2810
2811
2816
2818
2819
2820
2824
2825
2826
2827
2828
2832
2833
2834
2835
2836
2837
2840
2841
2842
2843
2844
2848
2849
2850
2851
2852
2857
2858
2859
2861
2874
2880
2880
2881
2881
2882
2884
2885
2887
2888
2888
2889
2889
2890
2892
2893
2895
2896
2896
2897
2897
2898
2899
2899
2900
2901
2901
2902
2903
2904
2904
2905
2905
2906
2906
2907
2907
2908
2909
2909
2910
2910
2911
2912
2912
2913
2913
2914
2914
2915
2915
2916
2916
2917
2917
2918
2918
2919
2921
2921
2922
2922
2923
2924
2925
2925
2926
2926
2927
2928
2928
2929
2929
2930
2932
2933
2934
2935
2936
2937
2937
2938
2938
2941
2941
2942
2943
2944
2945
2945
2946
2951
2952
2952
2953
2953
2954
2954
2956
2956
2957
2958
2959
2960
2960
2961
2961
2962
2962
2964
2964
2965
2966
2967
2968
2968
2969
2969
2970
2970
2972
2973
2973
2974
2974
2975
2976
2976
2977
2977
2978
2978
2979
2980
2980
2981
2981
2982
2982
2983
2984
2985
2985
2986
2986
2987
2987
2988
2988
2989
2989
2990
2990
2991
2992
2992
2994
2994
2996
2996
2997
2997
2998
2998
2999
3000
3000
3001
3001
3002
3004
3005
3005
3006
3006
3007
3008
3008
3009
3009
3013
3013
3014
3015
3016
3016
3017
3017
3018
3019
3020
3022
3024
3025
3026
3026
3028
3029
3030
3031
3032
3033
3033
3034
3034
3036
3037
3037
3038
3039
3040
3041
3041
3042
3042
3044
3045
3045
3046
3046
3047
3048
3049
3049
3050
3050
3051
3051
3052
3052
3053
3053
3054
3054
3055
3056
3057
3057
3058
3058
3059
3059
3060
3060
3061
3061
3062
3062
3063
3064
3065
3065
3067
3068
3068
3069
3069
3070
3070
3071
3072
3073
3073
3074
3074
3077
3077
3078
3079
3080
3081
3081
3085
3085
3086
3087
3088
3089
3090
3091
3094
3095
3096
3097
3098
3101
3102
3103
3104
3105
3106
3106
3108
3109
3109
3110
3111
3112
3113
3113
3114
3114
3115
3116
3116
3117
3117
3118
3118
3119
3120
3121
3121
3122
3122
3123
3124
3124
3125
3125
3126
3126
3127
3128
3129
3129
3130
3130
3131
3131
3132
3132
3133
3133
3134
3134
3135
3136
3137
3137
3138
3138
3140
3140
3141
3141
3142
3142
3143
3144
3145
3145
3146
3146
3148
3148
3149
3149
3150
3151
3152
3153
3153
3154
3156
3157
3158
3159
3160
3161
3165
3166
3167
3168
3169
3170
3172
3173
3174
3175
3176
3177
3178
3178
3180
3181
3181
3182
3183
3184
3185
3185
3186
3186
3187
3188
3188
3189
3189
3190
3190
3191
3192
3193
3193
3194
3194
3195
3195
3196
3197
3197
3198
3198
3199
3200
3201
3201
3202
3202
3203
3203
3204
3204
3205
3205
3206
3206
3207
3208
3209
3209
3210
3210
3211
3211
3213
3213
3214
3216
3217
3217
3218
3218
3221
3221
3222
3224
3225
3226
3228
3228
3230
3232
3233
3235
3237
3240
3241
3242
3243
3245
3248
3249
3250
3250
3252
3253
3256
3257
3257
3258
3258
3259
3259
3260
3261
3261
3264
3265
3265
3266
3266
3267
3267
3268
3269
3269
3272
3273
3273
3274
3274
3275
3275
3276
3277
3277
3280
3281
3281
3282
3282
3283
3283
3288
3289
3289
3290
3290
3291
3293
3296
3297
3298
3304
3305
3306
3307
3312
3313
3315
3320
3321
3322
3322
3323
3325
3328
3329
3329
3330
3330
3331
3333
3336
3337
3337
3338
3338
3339
3341
3344
3345
3345
3346
3346
3347
3348
3349
3352
3353
3353
3354
3354
3355
3356
3357
3360
3361
3361
3362
3362
3363
3365
3368
3369
3370
3376
3378
3379
3384
3386
3387
3392
3394
3395
3396
3400
3401
3402
3403
3404
3409
3410
3411
3412
3417
3418
3419
3420
3421
3425
3426
3427
3428
3433
3434
3435
3441
3442
3450
3451
3456
3456
3457
3457
3458
3460
3461
3464
3464
3465
3465
3466
3467
3468
3469
3472
3472
3473
3473
3474
3475
3475
3476
3477
3477
3478
3478
3479
3480
3480
3481
3481
3482
3482
3483
3483
3484
3485
3485
3486
3486
3487
3488
3488
3489
3489
3490
3490
3491
3491
3492
3492
3493
3493
3494
3494
3495
3496
3496
3497
3497
3498
3499
3500
3501
3501
3502
3502
3503
3505
3506
3508
3509
3510
3510
3511
3512
3512
3513
3513
3514
3515
3517
3519
3520
3521
3522
3525
3528
3528
3529
3529
3530
3530
3531
3532
3532
3534
3535
3536
3536
3537
3537
3538
3538
3540
3541
3541
3542
3543
3544
3544
3545
3545
3546
3546
3547
3547
3548
3549
3549
3550
3550
3551
3552
3552
3553
3553
3554
3554
3555
3555
3556
3556
3557
3557
3558
3558
3559
3560
3560
3561
3561
3562
3562
3563
3563
3564
3564
3565
3565
3566
3566
3567
3568
3568
3569
3569
3570
3570
3571
3572
3573
3573
3574
3574
3575
3576
3576
3578
3580
3581
3581
3582
3582
3583
3584
3584
3585
3588
3589
3590
3591
3592
3592
3593
3593
3594
3596
3599
3600
3601
3602
3602
3604
3605
3606
3607
3608
3609
3609
3610
3610
3612
3612
3613
3613
3614
3615
3616
3616
3617
3617
3618
3618
3620
3621
3621
3622
3622
3623
3624
3625
3625
3626
3626
3627
3628
3628
3629
3629
3630
3630
3631
3632
3633
3633
3634
3634
3635
3635
3636
3636
3637
3637
3638
3638
3639
3640
3641
3641
3642
3642
3644
3645
3645
3646
3646
3647
3648
3648
3649
3649
3652
3653
3654
3655
3656
3656
3657
3657
3660
3661
3661
3662
3663
3664
3664
3665
3670
3671
3672
3673
3674
3677
3678
3679
3680
3681
3682
3682
3685
3685
3686
3687
3688
3689
3689
3690
3690
3691
3692
3693
3693
3694
3694
3695
3696
3697
3697
3698
3698
3699
3700
3701
3701
3702
3702
3703
3704
3705
3705
3706
3706
3707
3707
3708
3708
3709
3709
3710
3710
3711
3712
3713
3713
3714
3714
3715
3715
3716
3717
3717
3718
3718
3719
3720
3721
3721
3722
3722
3724
3725
3725
3726
3727
3728
3729
3729
3730
3733
3733
3734
3736
3737
3737
3744
3745
3746
3748
3749
3750
3751
3752
3753
3754
3754
3756
3757
3757
3758
3759
3760
3761
3761
3762
3762
3764
3765
3765
3766
3766
3767
3768
3769
3769
3770
3770
3771
3772
3773
3773
3774
3774
3776
3777
3777
3778
3778
3779
3779
3780
3781
3781
3782
3782
3784
3785
3785
3786
3786
3787
3787
3788
3788
3789
3789
3792
3793
3793
3794
3794
3797
3797
3800
3801
3801
3802
3802
3808
3809
3810
3816
3817
3818
3819
3820
3821
3824
3825
3826
3826
3828
3832
3833
3833
3834
3834
3835
3836
3837
3840
3841
3841
3842
3842
3843
3843
3845
3848
3849
3849
3850
3850
3851
3851
3852
3852
3853
3856
3857
3857
3858
3858
3859
3859
3860
3861
3864
3865
3865
3866
3866
3867
3872
3873
3873
3874
3874
3880
3881
3888
3889
3891
3896
3897
3898
3898
3899
3901
3904
3905
3905
3906
3906
3907
3909
3912
3913
3913
3914
3914
3915
3916
3917
3920
3921
3921
3922
3923
3924
3925
3928
3929
3929
3930
3931
3932
3936
3937
3938
3939
3945
3946
3947
3953
3962
3963
3970
3971
3972
3977
3978
3979
3985
3986
3987
3988
3993
3994
3995
3996
4001
4002
4003
4004
4009
4010
4011
4017
4018
4019
4025
4032
4032
4033
4033
4034
4035
4036
4037
4038
4040
4040
4041
4041
4042
4043
4044
4045
4046
4047
4048
4048
4049
4049
4050
4051
4052
4053
4053
4054
4054
4055
4056
4056
4057
4057
4058
4058
4059
4060
4061
4061
4062
4062
4063
4064
4064
4065
4065
4066
4066
4067
4067
4068
4068
4069
4069
4070
4070
4071
4072
4072
4073
4073
4074
4075
4075
4076
4076
4077
4077
4078
4078
4079
4080
4080
4081
4081
4082
4083
4083
4084
4084
4085
4085
4086
4086
4087
4089
4089
4091
4092
4093
4093
4094
4095
4096
4097
4098
4099
4101
4104
4104
4105
4105
4106
4106
4108
4111
4112
4112
4113
4113
4114
4114
4115
4116
4117
4117
4118
4119
4120
4120
4121
4121
4122
4122
4123
4124
4125
4125
4126
4126
4127
4128
4128
4129
4129
4130
4131
4132
4133
4133
4134
4134
4135
4136
4136
4137
4137
4138
4138
4139
4139
4140
4140
4141
4141
4142
4142
4143
4144
4144
4145
4145
4146
4146
4147
4147
4148
4148
4149
4149
4150
4150
4151
4152
4152
4153
4153
4154
4156
4157
4157
4158
4158
4159
4160
4160
4163
4164
4164
4165
4166
4167
4173
4176
4177
4177
4178
4178
4182
4183
4184
4184
4185
4185
4186
4186
4187
4188
4189
4190
4191
4192
4192
4193
4193
4194
4194
4195
4196
4197
4197
4198
4198
4199
4200
4200
4201
4201
4202
4202
4204
4204
4205
4205
4206
4206
4207
4208
4208
4209
4209
4210
4210
4211
4212
4212
4213
4213
4214
4214
4215
4216
4216
4217
4217
4218
4218
4220
4220
4221
4221
4222
4222
4223
4224
4224
4225
4225
4226
4226
4227
4228
4228
4229
4229
4230
4231
4232
4232
4233
4233
4235
4236
4237
4238
4240
4241
4241
4243
4248
4249
4250
4252
4253
4254
4255
4256
4257
4257
4258
4258
4260
4261
4261
4262
4263
4264
4265
4265
4266
4266
4267
4268
4269
4270
4270
4271
4272
4273
4273
4274
4274
4277
4278
4278
4279
4280
4281
4281
4282
4282
4283
4283
4284
4284
4285
4285
4286
4286
4287
4288
4289
4289
4290
4290
4291
4291
4292
4292
4293
4293
4294
4294
4296
4297
4297
4298
4298
4300
4301
4301
4304
4304
4305
4305
4306
4306
4308
4312
4312
4313
4315
4320
4321
4322
4325
4326
4328
4329
4330
4330
4332
4332
4333
4333
4334
4336
4337
4337
4338
4338
4340
4341
4341
4342
4342
4344
4345
4345
4346
4346
4349
4349
4350
4352
4353
4353
4354
4354
4355
4355
4356
4356
4357
4357
4358
4360
4361
4361
4362
4362
4363
4363
4364
4364
4365
4368
4369
4369
4370
4370
4373
4376
4377
4377
4378
4378
4386
4392
4393
4394
4395
4396
4396
4400
4401
4402
4402
4404
4408
4409
4409
4410
4410
4411
4412
4413
4416
4417
4417
4418
4418
4419
4421
4424
4425
4425
4426
4426
4427
4429
4432
4433
4433
4434
4434
4435
4437
4440
4441
4442
4443
4445
4449
4450
4451
4458
4464
4465
4472
4473
4474
4475
4480
4481
4481
4482
4483
4485
4488
4489
4490
4491
4492
4493
4497
4498
4499
4500
4501
4505
4506
4507
4508
4509
4513
4514
4515
4521
4522
4523
4530
4539
4546
4547
4548
4553
4554
4555
4561
4562
4563
4564
4569
4570
4571
4572
4577
4578
4579
4580
4581
4585
4586
4587
4588
4592
4593
4594
4595
4601
4602
4608
4608
4609
4609
4610
4611
4611
4612
4613
4614
4615
4616
4616
4617
4617
4618
4619
4620
4621
4622
4623
4624
4624
4625
4625
4626
4627
4628
4628
4629
4629
4630
4630
4632
4632
4633
4633
4634
4634
4635
4636
4636
4637
4637
4638
4638
4639
4639
4640
4640
4641
4641
4642
4642
4643
4643
4644
4644
4645
4645
4646
4646
4647
4647
4648
4648
4649
4649
4650
4650
4651
4652
4653
4653
4654
4654
4655
4656
4657
4657
4660
4661
4662
4664
4668
4669
4675
4680
4681
4681
4683
4684
4687
4688
4689
4689
4693
4697
4698
4699
4700
4700
4702
4703
4704
4705
4706
4708
4709
4710
4711
4712
4713
4716
4720
4721
4723
4730
4752
4752
4753
4753
4754
4754
4756
4757
4758
4759
4760
4760
4761
4761
4762
4762
4763
4764
4765
4765
4766
4767
4768
4768
4769
4769
4770
4770
4771
4771
4772
4773
4773
4774
4774
4775
4776
4776
4777
4777
4778
4778
4779
4780
4781
4781
4782
4782
4783
4784
4784
4785
4785
4786
4786
4787
4788
4788
4789
4789
4790
4790
4791
4792
4792
4793
4793
4794
4794
4795
4795
4796
4796
4797
4797
4798
4798
4799
4800
4800
4801
4802
4802
4803
4804
4804
4805
4805
4808
4809
4811
4812
4813
4816
4819
4824
4824
4825
4825
4826
4830
4831
4832
4833
4833
4834
4835
4838
4839
4840
4840
4841
4842
4843
4844
4848
4849
4850
4851
4852
4852
4853
4856
4858
4860
4864
4865
4867
4896
4897
4897
4898
4898
4899
4900
4902
4903
4904
4904
4905
4905
4906
4906
4908
4909
4909
4910
4911
4912
4912
4913
4913
4914
4914
4916
4917
4917
4918
4918
4919
4920
4920
4921
4921
4922
4922
4924
4925
4925
4926
4927
4928
4928
4929
4929
4930
4930
4931
4931
4932
4933
4933
4934
4934
4935
4936
4936
4937
4937
4938
4938
4939
4939
4940
4940
4941
4941
4942
4944
4945
4945
4946
4946
4948
4948
4949
4952
4953
4954
4955
4960
4961
4968
4973
4974
4975
4976
4977
4978
4980
4981
4982
4984
4985
4988
4992
4993
4993
4994
4995
4996
5000
5001
5004
5008
5009
5012
5040
5041
5042
5046
5047
5048
5049
5049
5050
5050
5052
5053
5055
5056
5057
5057
5058
5058
5059
5060
5061
5061
5062
5062
5064
5065
5065
5066
5066
5067
5069
5069
5070
5072
5072
5073
5073
5074
5074
5075
5076
5076
5077
5077
5078
5080
5080
5081
5081
5082
5082
5083
5083
5084
5084
5085
5088
5088
5089
5089
5090
5090
5092
5093
5096
5097
5098
5105
5106
5112
5116
5120
5123
5128
5128
5129
5130
5131
5137
5139
5140
5145
5153
5154
5161
5162
5184
5185
5186
5188
5188
5192
5193
5194
5194
5196
5197
5197
5198
5200
5201
5201
5202
5202
5204
5205
5206
5208
5209
5209
5210
5210
5211
5213
5214
5216
5217
5217
5218
5218
5219
5220
5221
5222
5224
5224
5225
5225
5226
5227
5228
5229
5232
5233
5234
5235
5236
5237
5240
5241
5242
5249
5250
5257
5265
5266
5272
5274
5275
5276
5280
5281
5283
5284
5289
5297
5298
5305
5306
5328
5329
5330
5331
5332
5336
5337
5338
5338
5340
5344
5345
5345
5346
5346
5347
5348
5349
5352
5353
5353
5354
5355
5357
5361
5362
5363
5364
5365
5368
5369
5370
5371
5372
5373
5376
5377
5378
5379
5381
5384
5385
5386
5387
5393
5394
5409
5410
5411
5417
5418
5419
5420
5426
5427
5428
5433
5441
5442
5449
5450
5472
5482
5483
5485
5489
5490
5493
5497
5498
5499
5501
5505
5506
5507
5509
5512
5513
5514
5515
5516
5517
5520
5521
5522
5523
5528
5529
5530
5531
5537
5538
5553
5554
5555
5561
5562
5563
5569
5570
5571
5577
5585
5586
5587
5592
5593
5594
5618
5619
5625
5626
5627
5633
5634
5635
5640
5641
5642
5643
5644
5648
5649
5650
5651
5652
5653
5656
5657
5658
5659
5660
5661
5664
5665
5666
5667
5668
5672
5673
5674
5675
5681
5682
5690
5697
5698
5699
5707
5714
5720
5721
5728
5729
5730
5736
5737
