0 0 0
1 1 0
2 2 0
3 3 0
4 4 0
5 5 0
6 6 0
7 7 0
8 8 0
9 9 0
10 10 0
11 11 0
12 12 0
13 13 0
14 14 0
15 15 0
16 16 1
17 17 0
18 18 0
19 19 0
20 20 1
21 21 0
22 22 0
23 23 0
24 24 1
25 25 0
26 26 0
27 27 0
28 28 0
29 29 0
30 30 0
31 31 0
32 32 1
33 33 0
34 34 0
35 35 0
36 36 0
37 37 0
38 38 0
39 39 0
40 40 0
41 41 0
42 42 0
43 43 0
44 44 0
45 45 0
46 46 0
47 47 0
48 48 0
49 49 0
50 52 0
51 53 0
52 54 0
53 55 0
54 56 0
55 59 0
56 60 0
57 61 0
58 62 0
59 63 0
60 64 0
61 66 0
62 67 0
63 68 0
64 69 0
65 70 0
66 71 0
67 73 1
68 74 1
69 75 0
70 76 0
71 77 0
72 78 0
73 80 0
74 81 0
75 82 0
76 83 0
77 84 0
78 85 0
79 87 0
80 88 0
81 89 0
82 90 0
83 91 0
84 92 0
85 94 0
86 95 0
87 96 0
88 97 0
89 98 0
90 99 0
91 101 0
92 102 0
93 103 0
94 104 0
95 105 0
96 108 0
97 109 0
98 110 0
99 111 0
100 112 0
101 113 0
102 114 0
103 115 0
104 116 0
105 117 0
106 118 0
107 119 0
108 121 0
109 122 0
110 123 0
111 124 0
112 125 0
113 126 0
114 127 0
115 128 0
116 129 0
117 130 0
118 131 0
119 132 0
120 133 0
121 134 0
122 135 0
123 136 0
124 137 0
125 138 0
126 139 0
127 140 0
128 141 0
129 142 0
130 143 0
131 144 1
132 145 0
133 146 0
134 147 0
135 149 0
136 150 0
137 151 0
138 152 1
139 153 0
140 154 0
141 155 0
142 156 0
143 160 0
144 161 0
145 162 0
146 163 0
147 164 0
148 165 0
149 167 0
150 168 0
151 169 0
152 170 0
153 171 0
154 174 0
155 175 0
156 176 0
157 177 0
158 178 0
159 179 0
160 180 0
161 181 0
162 182 0
163 183 0
164 184 0
165 185 0
166 186 0
167 187 0
168 188 0
169 189 0
170 190 0
171 191 0
172 192 0
173 193 0
174 195 0
175 196 0
176 197 0
177 198 0
178 199 0
179 202 0
180 203 0
181 204 0
182 205 0
183 209 0
184 210 0
185 211 0
186 212 0
187 216 0
188 217 0
189 218 0
190 219 0
191 220 1
192 221 1
193 222 0
194 223 0
195 224 0
196 225 0
197 226 0
198 227 0
199 228 0
200 229 1
201 230 0
202 231 0
203 232 1
204 233 0
205 234 0
206 235 1
207 236 0
208 237 0
209 238 0
210 239 0
211 240 1
212 241 1
213 242 1
214 243 1
215 244 1
216 245 1
217 246 1
218 247 0
219 248 1
220 249 1
221 250 1
222 251 1
223 252 0
224 253 0
225 254 0
226 255 1
227 256 1
228 257 0
229 258 0
230 259 0
231 260 0
232 261 0
233 262 0
234 263 0
235 264 0
236 265 0
237 268 0
238 269 0
239 270 0
240 271 0
241 272 0
242 273 0
243 275 0
244 276 0
245 277 0
246 278 0
247 279 0
248 280 0
249 282 0
250 283 0
251 284 0
252 285 0
253 286 0
254 287 0
255 289 0
256 290 0
257 291 0
258 292 0
259 293 0
260 294 0
261 296 0
262 297 0
263 298 0
264 299 0
265 300 0
266 301 0
267 303 0
268 304 1
269 305 0
270 306 0
271 307 0
272 308 0
273 310 0
274 311 0
275 312 0
276 313 0
277 314 0
278 317 0
279 318 0
280 319 0
281 320 0
