0 0 1
1 1 1
2 2 1
3 3 1
4 4 1
5 5 1
6 6 1
7 7 0
8 8 1
9 9 1
10 10 1
11 11 1
12 12 1
13 13 1
14 14 1
15 15 1
16 16 1
17 17 1
18 18 1
19 19 1
20 20 1
21 21 1
22 22 1
23 23 1
24 24 1
25 25 1
26 26 1
27 27 1
28 28 1
29 29 1
30 30 1
31 31 1
32 32 1
33 33 1
34 34 1
35 35 1
36 36 1
37 37 1
38 38 1
39 39 1
40 40 1
41 41 1
42 42 1
43 43 1
44 44 1
45 45 1
46 46 1
47 47 1
48 48 1
49 49 1
50 52 1
51 53 1
52 54 1
53 55 1
54 56 1
55 59 1
56 60 1
57 61 1
58 62 1
59 63 1
60 64 1
61 66 1
62 67 1
63 68 1
64 69 1
65 70 1
66 71 1
67 73 1
68 74 1
69 75 1
70 76 1
71 77 1
72 78 1
73 80 1
74 81 1
75 82 1
76 83 1
77 84 1
78 85 1
79 87 1
80 88 1
81 89 1
82 90 1
83 91 1
84 92 1
85 94 0
86 95 0
87 96 1
88 97 0
89 98 0
90 99 1
91 101 0
92 102 1
93 103 1
94 104 1
95 105 0
96 108 0
97 109 0
98 110 1
99 111 0
100 112 0
101 113 0
102 114 0
103 115 0
104 116 1
105 117 0
106 118 0
107 119 0
108 121 0
109 122 0
110 123 0
111 124 1
112 125 0
113 126 0
114 127 0
115 128 1
116 129 0
117 130 0
118 131 0
119 132 1
120 133 0
121 134 0
122 135 1
123 136 1
124 137 0
125 138 1
126 139 0
127 140 1
128 141 1
129 142 1
130 143 1
131 144 1
132 145 1
133 146 1
134 147 1
135 149 1
136 150 1
137 151 1
138 152 1
139 153 1
140 154 1
141 155 1
142 156 1
143 160 1
144 161 1
145 162 1
146 163 1
147 164 1
148 165 1
149 167 1
150 168 0
151 169 1
152 170 1
153 171 1
154 174 1
155 175 1
156 176 1
157 177 1
158 178 1
159 179 1
160 180 1
161 181 1
162 182 1
163 183 1
164 184 1
165 185 1
166 186 1
167 187 1
168 188 1
169 189 1
170 190 1
171 191 1
172 192 1
173 193 1
174 195 1
175 196 1
176 197 1
177 198 1
178 199 1
179 202 1
180 203 1
181 204 1
182 205 1
183 209 1
184 210 1
185 211 1
186 212 1
187 216 1
188 217 1
189 218 1
190 219 1
191 220 1
192 221 1
193 222 1
194 223 1
195 224 1
196 225 1
197 226 1
198 227 1
199 228 1
200 229 1
201 230 1
202 231 1
203 232 1
204 233 1
205 234 1
206 235 1
207 236 1
208 237 1
209 238 1
210 239 1
211 240 1
212 241 1
213 242 1
214 243 1
215 244 1
216 245 1
217 246 1
218 247 1
219 248 1
220 249 1
221 250 1
222 251 1
223 252 1
224 253 1
225 254 1
226 255 1
227 256 1
228 257 1
229 258 1
230 259 1
231 260 1
232 261 1
233 262 1
234 263 1
235 264 1
236 265 1
237 268 1
238 269 1
239 270 1
240 271 1
241 272 0
242 273 0
243 275 1
244 276 1
245 277 1
246 278 1
247 279 1
248 280 1
249 282 1
250 283 1
251 284 1
252 285 1
253 286 1
254 287 1
255 289 1
256 290 1
257 291 1
258 292 1
259 293 1
260 294 1
261 296 1
262 297 1
263 298 1
264 299 1
265 300 1
266 301 1
267 303 1
268 304 1
269 305 1
270 306 1
271 307 1
272 308 0
273 310 1
274 311 1
275 312 1
276 313 1
277 314 1
278 317 1
279 318 1
280 319 1
281 320 1
