0 0 0
1 1 1
2 2 1
3 3 1
4 4 1
5 5 0
6 6 1
7 7 0
8 8 0
9 9 0
10 10 0
11 11 0
12 12 0
13 13 0
14 14 0
15 15 0
16 16 1
17 17 0
18 18 0
19 19 0
20 20 1
21 21 0
22 22 0
23 23 0
24 24 0
25 25 0
26 26 0
27 27 0
28 28 0
29 29 1
30 30 0
31 31 0
32 32 0
33 33 0
34 34 0
35 35 0
36 36 0
37 37 0
38 38 0
39 39 0
40 40 0
41 41 0
42 42 0
43 43 0
44 44 0
45 45 0
46 46 0
47 47 0
48 48 0
49 49 0
50 52 0
51 53 0
52 54 0
53 55 0
54 56 0
55 59 0
56 60 0
57 61 0
58 62 0
59 63 0
60 64 0
61 66 0
62 67 0
63 68 0
64 69 0
65 70 0
66 71 0
67 73 0
68 74 0
69 75 0
70 76 0
71 77 0
72 78 0
73 80 0
74 81 0
75 82 0
76 83 0
77 84 0
78 85 0
79 87 0
80 88 0
81 89 0
82 90 0
83 91 0
84 92 0
85 94 0
86 95 0
87 96 0
88 97 0
89 98 0
90 99 1
91 101 0
92 102 0
93 103 0
94 104 0
95 105 0
96 108 0
97 109 0
98 110 0
99 111 1
100 112 1
101 113 1
102 114 1
103 115 1
104 116 1
105 117 0
106 118 0
107 119 0
108 121 0
109 122 0
110 123 0
111 124 0
112 125 0
113 126 0
114 127 0
115 128 0
116 129 0
117 130 0
118 131 0
119 132 1
120 133 0
121 134 0
122 135 0
123 136 1
124 137 0
125 138 0
126 139 0
127 140 0
128 141 0
129 142 0
130 143 0
131 144 0
132 145 0
133 146 0
134 147 0
135 149 0
136 150 0
137 151 0
138 152 1
139 153 0
140 154 0
141 155 0
142 156 0
143 160 0
144 161 0
145 162 0
146 163 0
147 164 0
148 165 0
149 167 0
150 168 0
151 169 0
152 170 0
153 171 0
154 174 0
155 175 0
156 176 0
157 177 0
158 178 1
159 179 0
160 180 1
161 181 0
162 182 0
163 183 0
164 184 0
165 185 1
166 186 1
167 187 1
168 188 0
169 189 0
170 190 0
171 191 1
172 192 0
173 193 0
174 195 0
175 196 0
176 197 1
177 198 0
178 199 0
179 202 1
180 203 0
181 204 0
182 205 0
183 209 1
184 210 1
185 211 1
186 212 1
187 216 1
188 217 1
189 218 1
190 219 1
191 220 1
192 221 1
193 222 1
194 223 1
195 224 0
196 225 1
197 226 1
198 227 1
199 228 0
200 229 1
201 230 1
202 231 1
203 232 1
204 233 1
205 234 1
206 235 1
207 236 1
208 237 1
209 238 1
210 239 1
211 240 1
212 241 1
213 242 1
214 243 1
215 244 1
216 245 1
217 246 1
218 247 1
219 248 1
220 249 1
221 250 1
222 251 1
223 252 1
224 253 1
225 254 1
226 255 0
227 256 0
228 257 1
229 258 0
230 259 0
231 260 0
232 261 1
233 262 1
234 263 1
235 264 0
236 265 0
237 268 1
238 269 1
239 270 1
240 271 0
241 272 0
242 273 0
243 275 1
244 276 1
245 277 1
246 278 1
247 279 1
248 280 1
249 282 1
250 283 1
251 284 1
252 285 1
253 286 1
254 287 1
255 289 1
256 290 1
257 291 1
258 292 1
259 293 1
260 294 1
261 296 1
262 297 1
263 298 1
264 299 1
265 300 1
266 301 1
267 303 1
268 304 1
269 305 1
270 306 1
271 307 1
272 308 0
273 310 1
274 311 1
275 312 0
276 313 0
277 314 0
278 317 0
279 318 0
280 319 0
281 320 0
